(kicad_pcb (version 20171130) (host pcbnew "(5.1.8-0-10_14)")

  (general
    (thickness 1.6)
    (drawings 41)
    (tracks 0)
    (zones 0)
    (modules 35)
    (nets 1)
  )

  (page A4)
  (layers
    (0 F.Cu signal)
    (31 B.Cu signal)
    (32 B.Adhes user)
    (33 F.Adhes user)
    (34 B.Paste user)
    (35 F.Paste user)
    (36 B.SilkS user)
    (37 F.SilkS user)
    (38 B.Mask user)
    (39 F.Mask user)
    (40 Dwgs.User user)
    (41 Cmts.User user)
    (42 Eco1.User user)
    (43 Eco2.User user)
    (44 Edge.Cuts user)
    (45 Margin user)
    (46 B.CrtYd user)
    (47 F.CrtYd user)
    (48 B.Fab user hide)
    (49 F.Fab user hide)
  )

  (setup
    (last_trace_width 0.25)
    (user_trace_width 0.5)
    (user_trace_width 0.5)
    (user_trace_width 0.5)
    (user_trace_width 0.5)
    (user_trace_width 0.5)
    (user_trace_width 0.5)
    (user_trace_width 0.5)
    (trace_clearance 0.2)
    (zone_clearance 0.508)
    (zone_45_only no)
    (trace_min 0.2)
    (via_size 0.8)
    (via_drill 0.4)
    (via_min_size 0.4)
    (via_min_drill 0.3)
    (uvia_size 0.3)
    (uvia_drill 0.1)
    (uvias_allowed no)
    (uvia_min_size 0.2)
    (uvia_min_drill 0.1)
    (edge_width 0.1)
    (segment_width 0.2)
    (pcb_text_width 0.3)
    (pcb_text_size 1.5 1.5)
    (mod_edge_width 0.15)
    (mod_text_size 1 1)
    (mod_text_width 0.15)
    (pad_size 1.524 1.524)
    (pad_drill 0.762)
    (pad_to_mask_clearance 0)
    (aux_axis_origin 0 0)
    (grid_origin 73.66 149.86)
    (visible_elements FFFFFF7F)
    (pcbplotparams
      (layerselection 0x010fc_ffffffff)
      (usegerberextensions false)
      (usegerberattributes true)
      (usegerberadvancedattributes true)
      (creategerberjobfile true)
      (excludeedgelayer true)
      (linewidth 0.100000)
      (plotframeref false)
      (viasonmask false)
      (mode 1)
      (useauxorigin false)
      (hpglpennumber 1)
      (hpglpenspeed 20)
      (hpglpendiameter 15.000000)
      (psnegative false)
      (psa4output false)
      (plotreference true)
      (plotvalue true)
      (plotinvisibletext false)
      (padsonsilk false)
      (subtractmaskfromsilk false)
      (outputformat 1)
      (mirror false)
      (drillshape 1)
      (scaleselection 1)
      (outputdirectory ""))
  )

  (net 0 "")

  (net_class Default "これはデフォルトのネット クラスです。"
    (clearance 0.2)
    (trace_width 0.25)
    (via_dia 0.8)
    (via_drill 0.4)
    (uvia_dia 0.3)
    (uvia_drill 0.1)
  )

  (module Connector_PinHeader_2.54mm:PinHeader_2x04_P2.54mm_Vertical (layer F.Cu) (tedit 59FED5CC) (tstamp 6405280D)
    (at 22.86 77.47)
    (descr "Through hole straight pin header, 2x04, 2.54mm pitch, double rows")
    (tags "Through hole pin header THT 2x04 2.54mm double row")
    (fp_text reference REF** (at 1.27 -2.33) (layer F.SilkS)
      (effects (font (size 1 1) (thickness 0.15)))
    )
    (fp_text value PinHeader_2x04_P2.54mm_Vertical (at 1.27 9.95) (layer F.Fab)
      (effects (font (size 1 1) (thickness 0.15)))
    )
    (fp_text user %R (at 1.27 3.81 90) (layer F.Fab)
      (effects (font (size 1 1) (thickness 0.15)))
    )
    (fp_line (start 0 -1.27) (end 3.81 -1.27) (layer F.Fab) (width 0.1))
    (fp_line (start 3.81 -1.27) (end 3.81 8.89) (layer F.Fab) (width 0.1))
    (fp_line (start 3.81 8.89) (end -1.27 8.89) (layer F.Fab) (width 0.1))
    (fp_line (start -1.27 8.89) (end -1.27 0) (layer F.Fab) (width 0.1))
    (fp_line (start -1.27 0) (end 0 -1.27) (layer F.Fab) (width 0.1))
    (fp_line (start -1.33 8.95) (end 3.87 8.95) (layer F.SilkS) (width 0.12))
    (fp_line (start -1.33 1.27) (end -1.33 8.95) (layer F.SilkS) (width 0.12))
    (fp_line (start 3.87 -1.33) (end 3.87 8.95) (layer F.SilkS) (width 0.12))
    (fp_line (start -1.33 1.27) (end 1.27 1.27) (layer F.SilkS) (width 0.12))
    (fp_line (start 1.27 1.27) (end 1.27 -1.33) (layer F.SilkS) (width 0.12))
    (fp_line (start 1.27 -1.33) (end 3.87 -1.33) (layer F.SilkS) (width 0.12))
    (fp_line (start -1.33 0) (end -1.33 -1.33) (layer F.SilkS) (width 0.12))
    (fp_line (start -1.33 -1.33) (end 0 -1.33) (layer F.SilkS) (width 0.12))
    (fp_line (start -1.8 -1.8) (end -1.8 9.4) (layer F.CrtYd) (width 0.05))
    (fp_line (start -1.8 9.4) (end 4.35 9.4) (layer F.CrtYd) (width 0.05))
    (fp_line (start 4.35 9.4) (end 4.35 -1.8) (layer F.CrtYd) (width 0.05))
    (fp_line (start 4.35 -1.8) (end -1.8 -1.8) (layer F.CrtYd) (width 0.05))
    (pad 8 thru_hole oval (at 2.54 7.62) (size 1.7 1.7) (drill 1) (layers *.Cu *.Mask))
    (pad 7 thru_hole oval (at 0 7.62) (size 1.7 1.7) (drill 1) (layers *.Cu *.Mask))
    (pad 6 thru_hole oval (at 2.54 5.08) (size 1.7 1.7) (drill 1) (layers *.Cu *.Mask))
    (pad 5 thru_hole oval (at 0 5.08) (size 1.7 1.7) (drill 1) (layers *.Cu *.Mask))
    (pad 4 thru_hole oval (at 2.54 2.54) (size 1.7 1.7) (drill 1) (layers *.Cu *.Mask))
    (pad 3 thru_hole oval (at 0 2.54) (size 1.7 1.7) (drill 1) (layers *.Cu *.Mask))
    (pad 2 thru_hole oval (at 2.54 0) (size 1.7 1.7) (drill 1) (layers *.Cu *.Mask))
    (pad 1 thru_hole rect (at 0 0) (size 1.7 1.7) (drill 1) (layers *.Cu *.Mask))
    (model ${KISYS3DMOD}/Connector_PinHeader_2.54mm.3dshapes/PinHeader_2x04_P2.54mm_Vertical.wrl
      (at (xyz 0 0 0))
      (scale (xyz 1 1 1))
      (rotate (xyz 0 0 0))
    )
  )

  (module Attenuverter:Potentiometer_Alps_RK09L_Single_Vertical (layer F.Cu) (tedit 60FF8D6E) (tstamp 64052988)
    (at 50.8 76.2 180)
    (descr "Potentiometer, vertical, Alps RK09L Single, http://www.alps.com/prod/info/E/HTML/Potentiometer/RotaryPotentiometers/RK09L/RK09L_list.html")
    (tags "Potentiometer vertical Alps RK09L Single")
    (fp_text reference REF** (at 5.725 -10.5) (layer F.SilkS)
      (effects (font (size 1 1) (thickness 0.15)))
    )
    (fp_text value "Exp FM" (at 5.725 5.5) (layer F.Fab)
      (effects (font (size 1 1) (thickness 0.15)))
    )
    (fp_text user %R (at 2 -2.5 90) (layer F.Fab)
      (effects (font (size 1 1) (thickness 0.15)))
    )
    (fp_line (start 12.6 -9.5) (end -1.15 -9.5) (layer F.CrtYd) (width 0.05))
    (fp_line (start 12.6 4.5) (end 12.6 -9.5) (layer F.CrtYd) (width 0.05))
    (fp_line (start -1.15 4.5) (end 12.6 4.5) (layer F.CrtYd) (width 0.05))
    (fp_line (start -1.15 -9.5) (end -1.15 4.5) (layer F.CrtYd) (width 0.05))
    (fp_line (start 12.47 -8.67) (end 12.47 3.67) (layer F.SilkS) (width 0.12))
    (fp_line (start 0.88 0.87) (end 0.88 3.67) (layer F.SilkS) (width 0.12))
    (fp_line (start 0.88 -1.629) (end 0.88 -0.87) (layer F.SilkS) (width 0.12))
    (fp_line (start 0.88 -4.129) (end 0.88 -3.37) (layer F.SilkS) (width 0.12))
    (fp_line (start 0.88 -8.67) (end 0.88 -5.871) (layer F.SilkS) (width 0.12))
    (fp_line (start 9.455 3.67) (end 12.47 3.67) (layer F.SilkS) (width 0.12))
    (fp_line (start 0.88 3.67) (end 5.546 3.67) (layer F.SilkS) (width 0.12))
    (fp_line (start 9.455 -8.67) (end 12.47 -8.67) (layer F.SilkS) (width 0.12))
    (fp_line (start 0.88 -8.67) (end 5.546 -8.67) (layer F.SilkS) (width 0.12))
    (fp_line (start 12.35 -8.55) (end 1 -8.55) (layer F.Fab) (width 0.1))
    (fp_line (start 12.35 3.55) (end 12.35 -8.55) (layer F.Fab) (width 0.1))
    (fp_line (start 1 3.55) (end 12.35 3.55) (layer F.Fab) (width 0.1))
    (fp_line (start 1 -8.55) (end 1 3.55) (layer F.Fab) (width 0.1))
    (fp_circle (center 7.5 -2.5) (end 10.5 -2.5) (layer F.Fab) (width 0.1))
    (pad "" np_thru_hole circle (at 7.5 2.25 180) (size 4 4) (drill 2) (layers *.Cu *.Mask))
    (pad "" np_thru_hole circle (at 7.5 -7.25 180) (size 4 4) (drill 2) (layers *.Cu *.Mask))
    (pad 1 thru_hole circle (at 0 -5.02 180) (size 1.8 1.8) (drill 1) (layers *.Cu *.Mask))
    (pad 2 thru_hole circle (at 0 -2.5 180) (size 1.8 1.8) (drill 1) (layers *.Cu *.Mask))
    (pad 3 thru_hole circle (at 0 0.02 180) (size 1.8 1.8) (drill 1) (layers *.Cu *.Mask))
    (model ${KISYS3DMOD}/Potentiometer_THT.3dshapes/Potentiometer_Alps_RK09L_Single_Vertical.wrl
      (at (xyz 0 0 0))
      (scale (xyz 1 1 1))
      (rotate (xyz 0 0 0))
    )
  )

  (module MountingHole:MountingHole_6.4mm_M6 (layer F.Cu) (tedit 56D1B4CB) (tstamp 6404282E)
    (at 90.17 78.74)
    (descr "Mounting Hole 6.4mm, no annular, M6")
    (tags "mounting hole 6.4mm no annular m6")
    (attr virtual)
    (fp_text reference fine (at -6.35 0) (layer F.SilkS)
      (effects (font (size 1.5 1.5) (thickness 0.15)))
    )
    (fp_text value MountingHole_6.4mm_M6 (at 0 7.4) (layer F.Fab) hide
      (effects (font (size 1 1) (thickness 0.15)))
    )
    (fp_circle (center 0 0) (end 6.65 0) (layer F.CrtYd) (width 0.05))
    (fp_circle (center 0 0) (end 6.4 0) (layer Cmts.User) (width 0.15))
    (fp_text user %R (at 0.3 0) (layer F.Fab) hide
      (effects (font (size 1 1) (thickness 0.15)))
    )
    (pad 1 np_thru_hole circle (at 0 0) (size 6.4 6.4) (drill 6.4) (layers *.Cu *.Mask))
  )

  (module Attenuverter:MJ-355_3.5mm_mono_jack_terminal_only (layer F.Cu) (tedit 6400480B) (tstamp 64052554)
    (at 22.86 54.61)
    (fp_text reference REF** (at 0 7.62) (layer F.SilkS)
      (effects (font (size 1 1) (thickness 0.15)))
    )
    (fp_text value MJ-355_3.5mm_mono_jack_terminal_only (at 0 -10.16) (layer F.Fab)
      (effects (font (size 1 1) (thickness 0.15)))
    )
    (fp_text user KEEPOUT (at -0.03 0 180) (layer Cmts.User)
      (effects (font (size 0.4 0.4) (thickness 0.051)))
    )
    (fp_line (start 1.38 0.46) (end 0.43 1.41) (layer Dwgs.User) (width 0.12))
    (fp_circle (center -0.03 0) (end -1.53 0) (layer Dwgs.User) (width 0.12))
    (fp_line (start -3.99 5.6) (end -3.99 2.54) (layer F.SilkS) (width 0.12))
    (fp_circle (center -0.03 0) (end -1.83 0) (layer F.Fab) (width 0.1))
    (fp_line (start -0.12 -1.48) (end -1.51 -0.09) (layer Dwgs.User) (width 0.12))
    (fp_line (start 0.55 -1.35) (end -1.39 0.59) (layer Dwgs.User) (width 0.12))
    (fp_line (start 1.39 -0.395) (end -0.43 1.42) (layer Dwgs.User) (width 0.12))
    (fp_line (start 5.01 5.62) (end 5.01 2.54) (layer F.SilkS) (width 0.12))
    (fp_line (start 1.04 -1.01) (end -1.04 1.07) (layer Dwgs.User) (width 0.12))
    (fp_line (start 0.86 5.62) (end 5.01 5.62) (layer F.SilkS) (width 0.12))
    (fp_line (start -3.99 5.6) (end 0.16 5.6) (layer F.SilkS) (width 0.12))
    (fp_line (start 5.01 2.54) (end -3.99 2.54) (layer F.SilkS) (width 0.12))
    (pad S thru_hole circle (at 8.89 3.81) (size 1.524 1.524) (drill 0.762) (layers *.Cu *.Mask))
    (pad TN thru_hole circle (at 6.35 3.81) (size 1.524 1.524) (drill 0.762) (layers *.Cu *.Mask))
    (pad T thru_hole oval (at -0.89 4.4) (size 3.25 2) (drill oval 2.65 0.9) (layers *.Cu *.Mask))
  )

  (module Attenuverter:MJ-355_3.5mm_mono_jack (layer F.Cu) (tedit 6316CD6A) (tstamp 64052909)
    (at 22.86 68.58 180)
    (fp_text reference REF** (at 0 5.715) (layer F.SilkS)
      (effects (font (size 1 1) (thickness 0.15)))
    )
    (fp_text value MJ-355_3.5mm_mono_jack (at 0 -6.985) (layer F.Fab)
      (effects (font (size 1 1) (thickness 0.15)))
    )
    (fp_text user KEEPOUT (at 0.03 0) (layer Cmts.User)
      (effects (font (size 0.4 0.4) (thickness 0.051)))
    )
    (fp_line (start -1.38 -0.46) (end -0.43 -1.41) (layer Dwgs.User) (width 0.12))
    (fp_circle (center 0.03 0) (end 1.53 0) (layer Dwgs.User) (width 0.12))
    (fp_line (start 3.99 -5.6) (end 3.99 4.9) (layer F.SilkS) (width 0.12))
    (fp_circle (center 0.03 0) (end 1.83 0) (layer F.Fab) (width 0.1))
    (fp_line (start 4 4.93) (end 0 4.93) (layer F.SilkS) (width 0.12))
    (fp_line (start 4.1 -5.72) (end -5.1 -5.72) (layer F.CrtYd) (width 0.05))
    (fp_line (start 0.12 1.48) (end 1.51 0.09) (layer Dwgs.User) (width 0.12))
    (fp_line (start 3.99 4.83) (end 3.99 -5.57) (layer F.Fab) (width 0.1))
    (fp_line (start -0.55 1.35) (end 1.39 -0.59) (layer Dwgs.User) (width 0.12))
    (fp_circle (center 0.03 0) (end 1.83 0) (layer F.SilkS) (width 0.12))
    (fp_line (start -1.39 0.395) (end 0.43 -1.42) (layer Dwgs.User) (width 0.12))
    (fp_line (start -1 4.93) (end -5 4.93) (layer F.SilkS) (width 0.12))
    (fp_line (start -5.01 4.83) (end -5.01 -5.57) (layer F.Fab) (width 0.1))
    (fp_line (start 3.99 -5.57) (end -5.01 -5.57) (layer F.Fab) (width 0.1))
    (fp_line (start -5.01 -5.62) (end -5.01 4.88) (layer F.SilkS) (width 0.12))
    (fp_line (start -1.04 1.01) (end 1.04 -1.07) (layer Dwgs.User) (width 0.12))
    (fp_line (start -0.86 -5.62) (end -5.01 -5.62) (layer F.SilkS) (width 0.12))
    (fp_line (start 4 4.91) (end -5 4.91) (layer F.Fab) (width 0.1))
    (fp_line (start 3.99 -5.6) (end -0.16 -5.6) (layer F.SilkS) (width 0.12))
    (fp_line (start -5.11 5.03) (end -5.1 -5.72) (layer F.CrtYd) (width 0.05))
    (fp_line (start 4.1 5.03) (end 4.1 -5.72) (layer F.CrtYd) (width 0.05))
    (fp_line (start 4.1 5.03) (end -5.11 5.03) (layer F.CrtYd) (width 0.05))
    (pad TN thru_hole oval (at -3.8 1.38 90) (size 3.25 2) (drill oval 2.65 0.9) (layers *.Cu *.Mask))
    (pad T thru_hole oval (at 0.89 -4.4) (size 3.25 2) (drill oval 2.65 0.9) (layers *.Cu *.Mask))
    (pad S thru_hole oval (at 0.93 3.7) (size 3.25 2) (drill oval 2.65 0.9) (layers *.Cu *.Mask))
  )

  (module Attenuverter:MJ-355_3.5mm_mono_jack (layer F.Cu) (tedit 6316CD6A) (tstamp 64052705)
    (at 22.86 93.98 180)
    (fp_text reference REF** (at 0 5.715) (layer F.SilkS)
      (effects (font (size 1 1) (thickness 0.15)))
    )
    (fp_text value MJ-355_3.5mm_mono_jack (at 0 -6.985) (layer F.Fab)
      (effects (font (size 1 1) (thickness 0.15)))
    )
    (fp_line (start 4.1 5.03) (end -5.11 5.03) (layer F.CrtYd) (width 0.05))
    (fp_line (start 4.1 5.03) (end 4.1 -5.72) (layer F.CrtYd) (width 0.05))
    (fp_line (start -5.11 5.03) (end -5.1 -5.72) (layer F.CrtYd) (width 0.05))
    (fp_line (start 3.99 -5.6) (end -0.16 -5.6) (layer F.SilkS) (width 0.12))
    (fp_line (start 4 4.91) (end -5 4.91) (layer F.Fab) (width 0.1))
    (fp_line (start -0.86 -5.62) (end -5.01 -5.62) (layer F.SilkS) (width 0.12))
    (fp_line (start -1.04 1.01) (end 1.04 -1.07) (layer Dwgs.User) (width 0.12))
    (fp_line (start -5.01 -5.62) (end -5.01 4.88) (layer F.SilkS) (width 0.12))
    (fp_line (start 3.99 -5.57) (end -5.01 -5.57) (layer F.Fab) (width 0.1))
    (fp_line (start -5.01 4.83) (end -5.01 -5.57) (layer F.Fab) (width 0.1))
    (fp_line (start -1 4.93) (end -5 4.93) (layer F.SilkS) (width 0.12))
    (fp_line (start -1.39 0.395) (end 0.43 -1.42) (layer Dwgs.User) (width 0.12))
    (fp_circle (center 0.03 0) (end 1.83 0) (layer F.SilkS) (width 0.12))
    (fp_line (start -0.55 1.35) (end 1.39 -0.59) (layer Dwgs.User) (width 0.12))
    (fp_line (start 3.99 4.83) (end 3.99 -5.57) (layer F.Fab) (width 0.1))
    (fp_line (start 0.12 1.48) (end 1.51 0.09) (layer Dwgs.User) (width 0.12))
    (fp_line (start 4.1 -5.72) (end -5.1 -5.72) (layer F.CrtYd) (width 0.05))
    (fp_line (start 4 4.93) (end 0 4.93) (layer F.SilkS) (width 0.12))
    (fp_circle (center 0.03 0) (end 1.83 0) (layer F.Fab) (width 0.1))
    (fp_line (start 3.99 -5.6) (end 3.99 4.9) (layer F.SilkS) (width 0.12))
    (fp_circle (center 0.03 0) (end 1.53 0) (layer Dwgs.User) (width 0.12))
    (fp_line (start -1.38 -0.46) (end -0.43 -1.41) (layer Dwgs.User) (width 0.12))
    (fp_text user KEEPOUT (at 0.03 0) (layer Cmts.User)
      (effects (font (size 0.4 0.4) (thickness 0.051)))
    )
    (pad S thru_hole oval (at 0.93 3.7) (size 3.25 2) (drill oval 2.65 0.9) (layers *.Cu *.Mask))
    (pad T thru_hole oval (at 0.89 -4.4) (size 3.25 2) (drill oval 2.65 0.9) (layers *.Cu *.Mask))
    (pad TN thru_hole oval (at -3.8 1.38 90) (size 3.25 2) (drill oval 2.65 0.9) (layers *.Cu *.Mask))
  )

  (module Attenuverter:MJ-355_3.5mm_mono_jack (layer F.Cu) (tedit 6316CD6A) (tstamp 640527B3)
    (at 22.86 109.22 180)
    (fp_text reference REF** (at 0 5.715) (layer F.SilkS)
      (effects (font (size 1 1) (thickness 0.15)))
    )
    (fp_text value MJ-355_3.5mm_mono_jack (at 0 -6.985) (layer F.Fab)
      (effects (font (size 1 1) (thickness 0.15)))
    )
    (fp_text user KEEPOUT (at 0.03 0) (layer Cmts.User)
      (effects (font (size 0.4 0.4) (thickness 0.051)))
    )
    (fp_line (start -1.38 -0.46) (end -0.43 -1.41) (layer Dwgs.User) (width 0.12))
    (fp_circle (center 0.03 0) (end 1.53 0) (layer Dwgs.User) (width 0.12))
    (fp_line (start 3.99 -5.6) (end 3.99 4.9) (layer F.SilkS) (width 0.12))
    (fp_circle (center 0.03 0) (end 1.83 0) (layer F.Fab) (width 0.1))
    (fp_line (start 4 4.93) (end 0 4.93) (layer F.SilkS) (width 0.12))
    (fp_line (start 4.1 -5.72) (end -5.1 -5.72) (layer F.CrtYd) (width 0.05))
    (fp_line (start 0.12 1.48) (end 1.51 0.09) (layer Dwgs.User) (width 0.12))
    (fp_line (start 3.99 4.83) (end 3.99 -5.57) (layer F.Fab) (width 0.1))
    (fp_line (start -0.55 1.35) (end 1.39 -0.59) (layer Dwgs.User) (width 0.12))
    (fp_circle (center 0.03 0) (end 1.83 0) (layer F.SilkS) (width 0.12))
    (fp_line (start -1.39 0.395) (end 0.43 -1.42) (layer Dwgs.User) (width 0.12))
    (fp_line (start -1 4.93) (end -5 4.93) (layer F.SilkS) (width 0.12))
    (fp_line (start -5.01 4.83) (end -5.01 -5.57) (layer F.Fab) (width 0.1))
    (fp_line (start 3.99 -5.57) (end -5.01 -5.57) (layer F.Fab) (width 0.1))
    (fp_line (start -5.01 -5.62) (end -5.01 4.88) (layer F.SilkS) (width 0.12))
    (fp_line (start -1.04 1.01) (end 1.04 -1.07) (layer Dwgs.User) (width 0.12))
    (fp_line (start -0.86 -5.62) (end -5.01 -5.62) (layer F.SilkS) (width 0.12))
    (fp_line (start 4 4.91) (end -5 4.91) (layer F.Fab) (width 0.1))
    (fp_line (start 3.99 -5.6) (end -0.16 -5.6) (layer F.SilkS) (width 0.12))
    (fp_line (start -5.11 5.03) (end -5.1 -5.72) (layer F.CrtYd) (width 0.05))
    (fp_line (start 4.1 5.03) (end 4.1 -5.72) (layer F.CrtYd) (width 0.05))
    (fp_line (start 4.1 5.03) (end -5.11 5.03) (layer F.CrtYd) (width 0.05))
    (pad TN thru_hole oval (at -3.8 1.38 90) (size 3.25 2) (drill oval 2.65 0.9) (layers *.Cu *.Mask))
    (pad T thru_hole oval (at 0.89 -4.4) (size 3.25 2) (drill oval 2.65 0.9) (layers *.Cu *.Mask))
    (pad S thru_hole oval (at 0.93 3.7) (size 3.25 2) (drill oval 2.65 0.9) (layers *.Cu *.Mask))
  )

  (module Attenuverter:MJ-355_3.5mm_mono_jack (layer F.Cu) (tedit 6316CD6A) (tstamp 64052A23)
    (at 22.86 123.19 180)
    (fp_text reference REF** (at 0 5.715) (layer F.SilkS)
      (effects (font (size 1 1) (thickness 0.15)))
    )
    (fp_text value MJ-355_3.5mm_mono_jack (at 0 -6.985) (layer F.Fab)
      (effects (font (size 1 1) (thickness 0.15)))
    )
    (fp_line (start 4.1 5.03) (end -5.11 5.03) (layer F.CrtYd) (width 0.05))
    (fp_line (start 4.1 5.03) (end 4.1 -5.72) (layer F.CrtYd) (width 0.05))
    (fp_line (start -5.11 5.03) (end -5.1 -5.72) (layer F.CrtYd) (width 0.05))
    (fp_line (start 3.99 -5.6) (end -0.16 -5.6) (layer F.SilkS) (width 0.12))
    (fp_line (start 4 4.91) (end -5 4.91) (layer F.Fab) (width 0.1))
    (fp_line (start -0.86 -5.62) (end -5.01 -5.62) (layer F.SilkS) (width 0.12))
    (fp_line (start -1.04 1.01) (end 1.04 -1.07) (layer Dwgs.User) (width 0.12))
    (fp_line (start -5.01 -5.62) (end -5.01 4.88) (layer F.SilkS) (width 0.12))
    (fp_line (start 3.99 -5.57) (end -5.01 -5.57) (layer F.Fab) (width 0.1))
    (fp_line (start -5.01 4.83) (end -5.01 -5.57) (layer F.Fab) (width 0.1))
    (fp_line (start -1 4.93) (end -5 4.93) (layer F.SilkS) (width 0.12))
    (fp_line (start -1.39 0.395) (end 0.43 -1.42) (layer Dwgs.User) (width 0.12))
    (fp_circle (center 0.03 0) (end 1.83 0) (layer F.SilkS) (width 0.12))
    (fp_line (start -0.55 1.35) (end 1.39 -0.59) (layer Dwgs.User) (width 0.12))
    (fp_line (start 3.99 4.83) (end 3.99 -5.57) (layer F.Fab) (width 0.1))
    (fp_line (start 0.12 1.48) (end 1.51 0.09) (layer Dwgs.User) (width 0.12))
    (fp_line (start 4.1 -5.72) (end -5.1 -5.72) (layer F.CrtYd) (width 0.05))
    (fp_line (start 4 4.93) (end 0 4.93) (layer F.SilkS) (width 0.12))
    (fp_circle (center 0.03 0) (end 1.83 0) (layer F.Fab) (width 0.1))
    (fp_line (start 3.99 -5.6) (end 3.99 4.9) (layer F.SilkS) (width 0.12))
    (fp_circle (center 0.03 0) (end 1.53 0) (layer Dwgs.User) (width 0.12))
    (fp_line (start -1.38 -0.46) (end -0.43 -1.41) (layer Dwgs.User) (width 0.12))
    (fp_text user KEEPOUT (at 0.03 0) (layer Cmts.User)
      (effects (font (size 0.4 0.4) (thickness 0.051)))
    )
    (pad S thru_hole oval (at 0.93 3.7) (size 3.25 2) (drill oval 2.65 0.9) (layers *.Cu *.Mask))
    (pad T thru_hole oval (at 0.89 -4.4) (size 3.25 2) (drill oval 2.65 0.9) (layers *.Cu *.Mask))
    (pad TN thru_hole oval (at -3.8 1.38 90) (size 3.25 2) (drill oval 2.65 0.9) (layers *.Cu *.Mask))
  )

  (module Attenuverter:MJ-355_3.5mm_mono_jack (layer F.Cu) (tedit 6316CD6A) (tstamp 6405275C)
    (at 49.53 151.13 270)
    (fp_text reference REF** (at 0 5.715 90) (layer F.SilkS)
      (effects (font (size 1 1) (thickness 0.15)))
    )
    (fp_text value MJ-355_3.5mm_mono_jack (at 0 -6.985 90) (layer F.Fab)
      (effects (font (size 1 1) (thickness 0.15)))
    )
    (fp_text user KEEPOUT (at 0.03 0 90) (layer Cmts.User)
      (effects (font (size 0.4 0.4) (thickness 0.051)))
    )
    (fp_line (start -1.38 -0.46) (end -0.43 -1.41) (layer Dwgs.User) (width 0.12))
    (fp_circle (center 0.03 0) (end 1.53 0) (layer Dwgs.User) (width 0.12))
    (fp_line (start 3.99 -5.6) (end 3.99 4.9) (layer F.SilkS) (width 0.12))
    (fp_circle (center 0.03 0) (end 1.83 0) (layer F.Fab) (width 0.1))
    (fp_line (start 4 4.93) (end 0 4.93) (layer F.SilkS) (width 0.12))
    (fp_line (start 4.1 -5.72) (end -5.1 -5.72) (layer F.CrtYd) (width 0.05))
    (fp_line (start 0.12 1.48) (end 1.51 0.09) (layer Dwgs.User) (width 0.12))
    (fp_line (start 3.99 4.83) (end 3.99 -5.57) (layer F.Fab) (width 0.1))
    (fp_line (start -0.55 1.35) (end 1.39 -0.59) (layer Dwgs.User) (width 0.12))
    (fp_circle (center 0.03 0) (end 1.83 0) (layer F.SilkS) (width 0.12))
    (fp_line (start -1.39 0.395) (end 0.43 -1.42) (layer Dwgs.User) (width 0.12))
    (fp_line (start -1 4.93) (end -5 4.93) (layer F.SilkS) (width 0.12))
    (fp_line (start -5.01 4.83) (end -5.01 -5.57) (layer F.Fab) (width 0.1))
    (fp_line (start 3.99 -5.57) (end -5.01 -5.57) (layer F.Fab) (width 0.1))
    (fp_line (start -5.01 -5.62) (end -5.01 4.88) (layer F.SilkS) (width 0.12))
    (fp_line (start -1.04 1.01) (end 1.04 -1.07) (layer Dwgs.User) (width 0.12))
    (fp_line (start -0.86 -5.62) (end -5.01 -5.62) (layer F.SilkS) (width 0.12))
    (fp_line (start 4 4.91) (end -5 4.91) (layer F.Fab) (width 0.1))
    (fp_line (start 3.99 -5.6) (end -0.16 -5.6) (layer F.SilkS) (width 0.12))
    (fp_line (start -5.11 5.03) (end -5.1 -5.72) (layer F.CrtYd) (width 0.05))
    (fp_line (start 4.1 5.03) (end 4.1 -5.72) (layer F.CrtYd) (width 0.05))
    (fp_line (start 4.1 5.03) (end -5.11 5.03) (layer F.CrtYd) (width 0.05))
    (pad TN thru_hole oval (at -3.8 1.38 180) (size 3.25 2) (drill oval 2.65 0.9) (layers *.Cu *.Mask))
    (pad T thru_hole oval (at 0.89 -4.4 90) (size 3.25 2) (drill oval 2.65 0.9) (layers *.Cu *.Mask))
    (pad S thru_hole oval (at 0.93 3.7 90) (size 3.25 2) (drill oval 2.65 0.9) (layers *.Cu *.Mask))
  )

  (module Attenuverter:MJ-355_3.5mm_mono_jack (layer F.Cu) (tedit 6316CD6A) (tstamp 640526AE)
    (at 36.83 151.13 270)
    (fp_text reference REF** (at 0 5.715 90) (layer F.SilkS)
      (effects (font (size 1 1) (thickness 0.15)))
    )
    (fp_text value MJ-355_3.5mm_mono_jack (at 0 -6.985 90) (layer F.Fab)
      (effects (font (size 1 1) (thickness 0.15)))
    )
    (fp_line (start 4.1 5.03) (end -5.11 5.03) (layer F.CrtYd) (width 0.05))
    (fp_line (start 4.1 5.03) (end 4.1 -5.72) (layer F.CrtYd) (width 0.05))
    (fp_line (start -5.11 5.03) (end -5.1 -5.72) (layer F.CrtYd) (width 0.05))
    (fp_line (start 3.99 -5.6) (end -0.16 -5.6) (layer F.SilkS) (width 0.12))
    (fp_line (start 4 4.91) (end -5 4.91) (layer F.Fab) (width 0.1))
    (fp_line (start -0.86 -5.62) (end -5.01 -5.62) (layer F.SilkS) (width 0.12))
    (fp_line (start -1.04 1.01) (end 1.04 -1.07) (layer Dwgs.User) (width 0.12))
    (fp_line (start -5.01 -5.62) (end -5.01 4.88) (layer F.SilkS) (width 0.12))
    (fp_line (start 3.99 -5.57) (end -5.01 -5.57) (layer F.Fab) (width 0.1))
    (fp_line (start -5.01 4.83) (end -5.01 -5.57) (layer F.Fab) (width 0.1))
    (fp_line (start -1 4.93) (end -5 4.93) (layer F.SilkS) (width 0.12))
    (fp_line (start -1.39 0.395) (end 0.43 -1.42) (layer Dwgs.User) (width 0.12))
    (fp_circle (center 0.03 0) (end 1.83 0) (layer F.SilkS) (width 0.12))
    (fp_line (start -0.55 1.35) (end 1.39 -0.59) (layer Dwgs.User) (width 0.12))
    (fp_line (start 3.99 4.83) (end 3.99 -5.57) (layer F.Fab) (width 0.1))
    (fp_line (start 0.12 1.48) (end 1.51 0.09) (layer Dwgs.User) (width 0.12))
    (fp_line (start 4.1 -5.72) (end -5.1 -5.72) (layer F.CrtYd) (width 0.05))
    (fp_line (start 4 4.93) (end 0 4.93) (layer F.SilkS) (width 0.12))
    (fp_circle (center 0.03 0) (end 1.83 0) (layer F.Fab) (width 0.1))
    (fp_line (start 3.99 -5.6) (end 3.99 4.9) (layer F.SilkS) (width 0.12))
    (fp_circle (center 0.03 0) (end 1.53 0) (layer Dwgs.User) (width 0.12))
    (fp_line (start -1.38 -0.46) (end -0.43 -1.41) (layer Dwgs.User) (width 0.12))
    (fp_text user KEEPOUT (at 0.03 0 90) (layer Cmts.User)
      (effects (font (size 0.4 0.4) (thickness 0.051)))
    )
    (pad S thru_hole oval (at 0.93 3.7 90) (size 3.25 2) (drill oval 2.65 0.9) (layers *.Cu *.Mask))
    (pad T thru_hole oval (at 0.89 -4.4 90) (size 3.25 2) (drill oval 2.65 0.9) (layers *.Cu *.Mask))
    (pad TN thru_hole oval (at -3.8 1.38 180) (size 3.25 2) (drill oval 2.65 0.9) (layers *.Cu *.Mask))
  )

  (module Connector_PinHeader_2.54mm:PinHeader_1x08_P2.54mm_Vertical (layer F.Cu) (tedit 59FED5CC) (tstamp 64052A78)
    (at 53.34 125.73)
    (descr "Through hole straight pin header, 1x08, 2.54mm pitch, single row")
    (tags "Through hole pin header THT 1x08 2.54mm single row")
    (fp_text reference REF** (at 0 -2.33) (layer F.SilkS)
      (effects (font (size 1 1) (thickness 0.15)))
    )
    (fp_text value PinHeader_1x08_P2.54mm_Vertical (at 0 20.11) (layer F.Fab)
      (effects (font (size 1 1) (thickness 0.15)))
    )
    (fp_line (start 1.8 -1.8) (end -1.8 -1.8) (layer F.CrtYd) (width 0.05))
    (fp_line (start 1.8 19.55) (end 1.8 -1.8) (layer F.CrtYd) (width 0.05))
    (fp_line (start -1.8 19.55) (end 1.8 19.55) (layer F.CrtYd) (width 0.05))
    (fp_line (start -1.8 -1.8) (end -1.8 19.55) (layer F.CrtYd) (width 0.05))
    (fp_line (start -1.33 -1.33) (end 0 -1.33) (layer F.SilkS) (width 0.12))
    (fp_line (start -1.33 0) (end -1.33 -1.33) (layer F.SilkS) (width 0.12))
    (fp_line (start -1.33 1.27) (end 1.33 1.27) (layer F.SilkS) (width 0.12))
    (fp_line (start 1.33 1.27) (end 1.33 19.11) (layer F.SilkS) (width 0.12))
    (fp_line (start -1.33 1.27) (end -1.33 19.11) (layer F.SilkS) (width 0.12))
    (fp_line (start -1.33 19.11) (end 1.33 19.11) (layer F.SilkS) (width 0.12))
    (fp_line (start -1.27 -0.635) (end -0.635 -1.27) (layer F.Fab) (width 0.1))
    (fp_line (start -1.27 19.05) (end -1.27 -0.635) (layer F.Fab) (width 0.1))
    (fp_line (start 1.27 19.05) (end -1.27 19.05) (layer F.Fab) (width 0.1))
    (fp_line (start 1.27 -1.27) (end 1.27 19.05) (layer F.Fab) (width 0.1))
    (fp_line (start -0.635 -1.27) (end 1.27 -1.27) (layer F.Fab) (width 0.1))
    (fp_text user %R (at 0 8.89 90) (layer F.Fab)
      (effects (font (size 1 1) (thickness 0.15)))
    )
    (pad 1 thru_hole rect (at 0 0) (size 1.7 1.7) (drill 1) (layers *.Cu *.Mask))
    (pad 2 thru_hole oval (at 0 2.54) (size 1.7 1.7) (drill 1) (layers *.Cu *.Mask))
    (pad 3 thru_hole oval (at 0 5.08) (size 1.7 1.7) (drill 1) (layers *.Cu *.Mask))
    (pad 4 thru_hole oval (at 0 7.62) (size 1.7 1.7) (drill 1) (layers *.Cu *.Mask))
    (pad 5 thru_hole oval (at 0 10.16) (size 1.7 1.7) (drill 1) (layers *.Cu *.Mask))
    (pad 6 thru_hole oval (at 0 12.7) (size 1.7 1.7) (drill 1) (layers *.Cu *.Mask))
    (pad 7 thru_hole oval (at 0 15.24) (size 1.7 1.7) (drill 1) (layers *.Cu *.Mask))
    (pad 8 thru_hole oval (at 0 17.78) (size 1.7 1.7) (drill 1) (layers *.Cu *.Mask))
    (model ${KISYS3DMOD}/Connector_PinHeader_2.54mm.3dshapes/PinHeader_1x08_P2.54mm_Vertical.wrl
      (at (xyz 0 0 0))
      (scale (xyz 1 1 1))
      (rotate (xyz 0 0 0))
    )
  )

  (module MountingHole:MountingHole_3.2mm_M3 (layer F.Cu) (tedit 56D1B4CB) (tstamp 6405295F)
    (at 21.59 142.24)
    (descr "Mounting Hole 3.2mm, no annular, M3")
    (tags "mounting hole 3.2mm no annular m3")
    (attr virtual)
    (fp_text reference REF** (at 0 -4.2) (layer F.SilkS) hide
      (effects (font (size 1 1) (thickness 0.15)))
    )
    (fp_text value MountingHole_3.2mm_M3 (at 0 4.2) (layer F.Fab) hide
      (effects (font (size 1 1) (thickness 0.15)))
    )
    (fp_circle (center 0 0) (end 3.2 0) (layer Cmts.User) (width 0.15))
    (fp_circle (center 0 0) (end 3.45 0) (layer F.CrtYd) (width 0.05))
    (fp_text user %R (at 1.27 -0.31) (layer F.Fab) hide
      (effects (font (size 1 1) (thickness 0.15)))
    )
    (pad 1 np_thru_hole circle (at 0 0) (size 3.2 3.2) (drill 3.2) (layers *.Cu *.Mask))
  )

  (module MountingHole:MountingHole_3.2mm_M3 (layer F.Cu) (tedit 56D1B4CB) (tstamp 6405294A)
    (at 52.07 69.85)
    (descr "Mounting Hole 3.2mm, no annular, M3")
    (tags "mounting hole 3.2mm no annular m3")
    (attr virtual)
    (fp_text reference REF** (at 0 -4.2) (layer F.SilkS) hide
      (effects (font (size 1 1) (thickness 0.15)))
    )
    (fp_text value MountingHole_3.2mm_M3 (at 0 4.2) (layer F.Fab) hide
      (effects (font (size 1 1) (thickness 0.15)))
    )
    (fp_text user %R (at 1.27 -0.31) (layer F.Fab) hide
      (effects (font (size 1 1) (thickness 0.15)))
    )
    (fp_circle (center 0 0) (end 3.45 0) (layer F.CrtYd) (width 0.05))
    (fp_circle (center 0 0) (end 3.2 0) (layer Cmts.User) (width 0.15))
    (pad 1 np_thru_hole circle (at 0 0) (size 3.2 3.2) (drill 3.2) (layers *.Cu *.Mask))
  )

  (module digikey-footprints:DIP-14_W3mm (layer F.Cu) (tedit 596E717A) (tstamp 640525F0)
    (at 30.48 101.6)
    (fp_text reference REF** (at 3.94 -3.2) (layer F.SilkS)
      (effects (font (size 1 1) (thickness 0.15)))
    )
    (fp_text value DIP-14_W3mm (at 3.52 19.09) (layer F.Fab)
      (effects (font (size 1 1) (thickness 0.15)))
    )
    (fp_text user REF** (at 3.86 7.77) (layer F.Fab)
      (effects (font (size 1 1) (thickness 0.1)))
    )
    (fp_line (start -0.08 -1.2) (end -0.33 -1.2) (layer F.SilkS) (width 0.1))
    (fp_line (start 0.3 -1.2) (end -0.07 -1.2) (layer F.SilkS) (width 0.1))
    (fp_line (start -1.05 -2.25) (end 8.67 -2.25) (layer F.CrtYd) (width 0.1))
    (fp_line (start -1.05 17.55) (end 8.67 17.55) (layer F.CrtYd) (width 0.1))
    (fp_line (start 8.67 17.55) (end 8.67 -2.25) (layer F.CrtYd) (width 0.1))
    (fp_line (start -1.05 -2.25) (end -1.05 17.55) (layer F.CrtYd) (width 0.1))
    (fp_line (start 1.6 -2.2) (end 1.3 -2.2) (layer F.SilkS) (width 0.1))
    (fp_line (start 1.3 -2.2) (end 0.3 -1.2) (layer F.SilkS) (width 0.1))
    (fp_line (start 7.2 -1.7) (end 7.2 -2.1) (layer F.SilkS) (width 0.1))
    (fp_line (start 7.2 -2.1) (end 6.8 -2.1) (layer F.SilkS) (width 0.1))
    (fp_line (start 6.7 17.4) (end 7.2 17.4) (layer F.SilkS) (width 0.1))
    (fp_line (start 7.2 17.4) (end 7.2 17) (layer F.SilkS) (width 0.1))
    (fp_line (start 0.4 17) (end 0.4 17.4) (layer F.SilkS) (width 0.1))
    (fp_line (start 0.4 17.4) (end 0.8 17.4) (layer F.SilkS) (width 0.1))
    (fp_line (start 0.5 -1.1) (end 0.5 17.3) (layer F.Fab) (width 0.1))
    (fp_line (start 1.4 -2) (end 7.1 -2) (layer F.Fab) (width 0.1))
    (fp_line (start 0.5 -1.1) (end 1.4 -2) (layer F.Fab) (width 0.1))
    (fp_line (start 0.5 17.3) (end 7.1 17.3) (layer F.Fab) (width 0.1))
    (fp_line (start 7.1 -2) (end 7.1 17.3) (layer F.Fab) (width 0.1))
    (pad 14 thru_hole circle (at 7.62 0) (size 1.6 1.6) (drill 1) (layers *.Cu *.Mask))
    (pad 13 thru_hole circle (at 7.62 2.54) (size 1.6 1.6) (drill 1) (layers *.Cu *.Mask))
    (pad 12 thru_hole circle (at 7.62 5.08) (size 1.6 1.6) (drill 1) (layers *.Cu *.Mask))
    (pad 11 thru_hole circle (at 7.62 7.62) (size 1.6 1.6) (drill 1) (layers *.Cu *.Mask))
    (pad 10 thru_hole circle (at 7.62 10.16) (size 1.6 1.6) (drill 1) (layers *.Cu *.Mask))
    (pad 9 thru_hole circle (at 7.62 12.7) (size 1.6 1.6) (drill 1) (layers *.Cu *.Mask))
    (pad 8 thru_hole circle (at 7.62 15.24) (size 1.6 1.6) (drill 1) (layers *.Cu *.Mask))
    (pad 7 thru_hole circle (at 0 15.24) (size 1.6 1.6) (drill 1) (layers *.Cu *.Mask))
    (pad 6 thru_hole circle (at 0 12.7) (size 1.6 1.6) (drill 1) (layers *.Cu *.Mask))
    (pad 5 thru_hole circle (at 0 10.16) (size 1.6 1.6) (drill 1) (layers *.Cu *.Mask))
    (pad 4 thru_hole circle (at 0 7.62) (size 1.6 1.6) (drill 1) (layers *.Cu *.Mask))
    (pad 3 thru_hole circle (at 0 5.08) (size 1.6 1.6) (drill 1) (layers *.Cu *.Mask))
    (pad 2 thru_hole circle (at 0 2.54) (size 1.6 1.6) (drill 1) (layers *.Cu *.Mask))
    (pad 1 thru_hole rect (at 0 0) (size 1.6 1.6) (drill 1) (layers *.Cu *.Mask))
  )

  (module MountingHole:MountingHole_6.4mm_M6 (layer F.Cu) (tedit 56D1B4CB) (tstamp 6400C20C)
    (at 92.71 137.16)
    (descr "Mounting Hole 6.4mm, no annular, M6")
    (tags "mounting hole 6.4mm no annular m6")
    (attr virtual)
    (fp_text reference PWM (at -6.35 0) (layer F.SilkS)
      (effects (font (size 1.5 1.5) (thickness 0.15)))
    )
    (fp_text value MountingHole_6.4mm_M6 (at 0 7.4) (layer F.Fab) hide
      (effects (font (size 1 1) (thickness 0.15)))
    )
    (fp_text user %R (at 0.3 0) (layer F.Fab) hide
      (effects (font (size 1 1) (thickness 0.15)))
    )
    (fp_circle (center 0 0) (end 6.4 0) (layer Cmts.User) (width 0.15))
    (fp_circle (center 0 0) (end 6.65 0) (layer F.CrtYd) (width 0.05))
    (pad 1 np_thru_hole circle (at 0 0) (size 6.4 6.4) (drill 6.4) (layers *.Cu *.Mask))
  )

  (module MountingHole:MountingHole_6.4mm_M6 (layer F.Cu) (tedit 56D1B4CB) (tstamp 6400C19E)
    (at 92.71 109.22)
    (descr "Mounting Hole 6.4mm, no annular, M6")
    (tags "mounting hole 6.4mm no annular m6")
    (attr virtual)
    (fp_text reference "-    +" (at 0 -5.08) (layer F.SilkS)
      (effects (font (size 2 2) (thickness 0.15)))
    )
    (fp_text value MountingHole_6.4mm_M6 (at 0 7.4) (layer F.Fab) hide
      (effects (font (size 1 1) (thickness 0.15)))
    )
    (fp_circle (center 0 0) (end 6.65 0) (layer F.CrtYd) (width 0.05))
    (fp_circle (center 0 0) (end 6.4 0) (layer Cmts.User) (width 0.15))
    (fp_text user %R (at 0.3 0) (layer F.Fab) hide
      (effects (font (size 1 1) (thickness 0.15)))
    )
    (pad 1 np_thru_hole circle (at 0 0) (size 6.4 6.4) (drill 6.4) (layers *.Cu *.Mask))
  )

  (module MountingHole:MountingHole_5mm (layer F.Cu) (tedit 56D1B4CB) (tstamp 640427F1)
    (at 92.71 123.19)
    (descr "Mounting Hole 5mm, no annular")
    (tags "mounting hole 5mm no annular")
    (attr virtual)
    (fp_text reference "Hard  Soft" (at 0 -5.08) (layer F.SilkS)
      (effects (font (size 1.5 1.5) (thickness 0.15)))
    )
    (fp_text value MountingHole_5mm (at 0 6) (layer F.Fab) hide
      (effects (font (size 1 1) (thickness 0.15)))
    )
    (fp_text user %R (at 0.3 0) (layer F.Fab) hide
      (effects (font (size 1 1) (thickness 0.15)))
    )
    (fp_circle (center 0 0) (end 5 0) (layer Cmts.User) (width 0.15))
    (fp_circle (center 0 0) (end 5.25 0) (layer F.CrtYd) (width 0.05))
    (pad 1 np_thru_hole circle (at 0 0) (size 5 5) (drill 5) (layers *.Cu *.Mask))
  )

  (module MountingHole:MountingHole_6.4mm_M6 (layer F.Cu) (tedit 56D1B4CB) (tstamp 6400C077)
    (at 92.71 93.98)
    (descr "Mounting Hole 6.4mm, no annular, M6")
    (tags "mounting hole 6.4mm no annular m6")
    (attr virtual)
    (fp_text reference "-    +" (at 0 -5.08) (layer F.SilkS)
      (effects (font (size 2 2) (thickness 0.15)))
    )
    (fp_text value MountingHole_6.4mm_M6 (at 0 7.4) (layer F.Fab) hide
      (effects (font (size 1 1) (thickness 0.15)))
    )
    (fp_text user %R (at 0.3 0) (layer F.Fab) hide
      (effects (font (size 1 1) (thickness 0.15)))
    )
    (fp_circle (center 0 0) (end 6.4 0) (layer Cmts.User) (width 0.15))
    (fp_circle (center 0 0) (end 6.65 0) (layer F.CrtYd) (width 0.05))
    (pad 1 np_thru_hole circle (at 0 0) (size 6.4 6.4) (drill 6.4) (layers *.Cu *.Mask))
  )

  (module Attenuverter:MJ-355_3.5mm_mono_jack (layer F.Cu) (tedit 6316CD6A) (tstamp 64052657)
    (at 24.13 151.13 270)
    (fp_text reference REF** (at 0 5.715 90) (layer F.SilkS)
      (effects (font (size 1 1) (thickness 0.15)))
    )
    (fp_text value MJ-355_3.5mm_mono_jack (at 0 -6.985 90) (layer F.Fab)
      (effects (font (size 1 1) (thickness 0.15)))
    )
    (fp_text user KEEPOUT (at 0.03 0 90) (layer Cmts.User)
      (effects (font (size 0.4 0.4) (thickness 0.051)))
    )
    (fp_line (start -1.38 -0.46) (end -0.43 -1.41) (layer Dwgs.User) (width 0.12))
    (fp_circle (center 0.03 0) (end 1.53 0) (layer Dwgs.User) (width 0.12))
    (fp_line (start 3.99 -5.6) (end 3.99 4.9) (layer F.SilkS) (width 0.12))
    (fp_circle (center 0.03 0) (end 1.83 0) (layer F.Fab) (width 0.1))
    (fp_line (start 4 4.93) (end 0 4.93) (layer F.SilkS) (width 0.12))
    (fp_line (start 4.1 -5.72) (end -5.1 -5.72) (layer F.CrtYd) (width 0.05))
    (fp_line (start 0.12 1.48) (end 1.51 0.09) (layer Dwgs.User) (width 0.12))
    (fp_line (start 3.99 4.83) (end 3.99 -5.57) (layer F.Fab) (width 0.1))
    (fp_line (start -0.55 1.35) (end 1.39 -0.59) (layer Dwgs.User) (width 0.12))
    (fp_circle (center 0.03 0) (end 1.83 0) (layer F.SilkS) (width 0.12))
    (fp_line (start -1.39 0.395) (end 0.43 -1.42) (layer Dwgs.User) (width 0.12))
    (fp_line (start -1 4.93) (end -5 4.93) (layer F.SilkS) (width 0.12))
    (fp_line (start -5.01 4.83) (end -5.01 -5.57) (layer F.Fab) (width 0.1))
    (fp_line (start 3.99 -5.57) (end -5.01 -5.57) (layer F.Fab) (width 0.1))
    (fp_line (start -5.01 -5.62) (end -5.01 4.88) (layer F.SilkS) (width 0.12))
    (fp_line (start -1.04 1.01) (end 1.04 -1.07) (layer Dwgs.User) (width 0.12))
    (fp_line (start -0.86 -5.62) (end -5.01 -5.62) (layer F.SilkS) (width 0.12))
    (fp_line (start 4 4.91) (end -5 4.91) (layer F.Fab) (width 0.1))
    (fp_line (start 3.99 -5.6) (end -0.16 -5.6) (layer F.SilkS) (width 0.12))
    (fp_line (start -5.11 5.03) (end -5.1 -5.72) (layer F.CrtYd) (width 0.05))
    (fp_line (start 4.1 5.03) (end 4.1 -5.72) (layer F.CrtYd) (width 0.05))
    (fp_line (start 4.1 5.03) (end -5.11 5.03) (layer F.CrtYd) (width 0.05))
    (pad TN thru_hole oval (at -3.8 1.38 180) (size 3.25 2) (drill oval 2.65 0.9) (layers *.Cu *.Mask))
    (pad T thru_hole oval (at 0.89 -4.4 90) (size 3.25 2) (drill oval 2.65 0.9) (layers *.Cu *.Mask))
    (pad S thru_hole oval (at 0.93 3.7 90) (size 3.25 2) (drill oval 2.65 0.9) (layers *.Cu *.Mask))
  )

  (module Attenuverter:annotation_3.5mm_jack_in (layer F.Cu) (tedit 6226F220) (tstamp 6400B9BA)
    (at 69.85 93.98)
    (fp_text reference "Exp FM" (at 0 6.35) (layer F.SilkS)
      (effects (font (size 1.5 1.5) (thickness 0.15)))
    )
    (fp_text value annotation_3.5mm_jack_in (at 0 6.35) (layer F.Fab) hide
      (effects (font (size 1 1) (thickness 0.15)))
    )
    (fp_circle (center 0 0) (end 4 0) (layer Dwgs.User) (width 0.12))
    (fp_text user %R (at 0.3 0) (layer F.Fab) hide
      (effects (font (size 1 1) (thickness 0.15)))
    )
    (pad 1 np_thru_hole circle (at 0 0) (size 6 6) (drill 6) (layers *.Cu *.Mask))
  )

  (module Attenuverter:annotation_3.5mm_jack_in (layer F.Cu) (tedit 6226F220) (tstamp 6400B9AE)
    (at 69.85 68.58)
    (fp_text reference Freq (at 0 6.35) (layer F.SilkS) hide
      (effects (font (size 2 2) (thickness 0.15)))
    )
    (fp_text value annotation_3.5mm_jack_in (at 0 6.35) (layer F.Fab) hide
      (effects (font (size 1 1) (thickness 0.15)))
    )
    (fp_text user %R (at 0.3 0) (layer F.Fab) hide
      (effects (font (size 1 1) (thickness 0.15)))
    )
    (fp_circle (center 0 0) (end 4 0) (layer Dwgs.User) (width 0.12))
    (pad 1 np_thru_hole circle (at 0 0) (size 6 6) (drill 6) (layers *.Cu *.Mask))
  )

