(kicad_pcb (version 20171130) (host pcbnew "(5.1.8-0-10_14)")

  (general
    (thickness 1.6)
    (drawings 5)
    (tracks 187)
    (zones 0)
    (modules 34)
    (nets 35)
  )

  (page A4)
  (layers
    (0 F.Cu signal)
    (31 B.Cu signal)
    (32 B.Adhes user)
    (33 F.Adhes user)
    (34 B.Paste user)
    (35 F.Paste user)
    (36 B.SilkS user)
    (37 F.SilkS user)
    (38 B.Mask user)
    (39 F.Mask user)
    (40 Dwgs.User user)
    (41 Cmts.User user)
    (42 Eco1.User user)
    (43 Eco2.User user)
    (44 Edge.Cuts user)
    (45 Margin user)
    (46 B.CrtYd user)
    (47 F.CrtYd user)
    (48 B.Fab user)
    (49 F.Fab user hide)
  )

  (setup
    (last_trace_width 0.5)
    (user_trace_width 0.5)
    (trace_clearance 0.2)
    (zone_clearance 0.508)
    (zone_45_only no)
    (trace_min 0.2)
    (via_size 0.8)
    (via_drill 0.4)
    (via_min_size 0.4)
    (via_min_drill 0.3)
    (uvia_size 0.3)
    (uvia_drill 0.1)
    (uvias_allowed no)
    (uvia_min_size 0.2)
    (uvia_min_drill 0.1)
    (edge_width 0.1)
    (segment_width 0.2)
    (pcb_text_width 0.3)
    (pcb_text_size 1.5 1.5)
    (mod_edge_width 0.15)
    (mod_text_size 1 1)
    (mod_text_width 0.15)
    (pad_size 1.524 1.524)
    (pad_drill 0.762)
    (pad_to_mask_clearance 0)
    (aux_axis_origin 0 0)
    (visible_elements FFFFFF7F)
    (pcbplotparams
      (layerselection 0x010fc_ffffffff)
      (usegerberextensions false)
      (usegerberattributes true)
      (usegerberadvancedattributes true)
      (creategerberjobfile true)
      (excludeedgelayer true)
      (linewidth 0.100000)
      (plotframeref false)
      (viasonmask false)
      (mode 1)
      (useauxorigin false)
      (hpglpennumber 1)
      (hpglpenspeed 20)
      (hpglpendiameter 15.000000)
      (psnegative false)
      (psa4output false)
      (plotreference true)
      (plotvalue true)
      (plotinvisibletext false)
      (padsonsilk false)
      (subtractmaskfromsilk false)
      (outputformat 1)
      (mirror false)
      (drillshape 1)
      (scaleselection 1)
      (outputdirectory ""))
  )

  (net 0 "")
  (net 1 +12V)
  (net 2 GND)
  (net 3 -12V)
  (net 4 "Net-(J6-PadT)")
  (net 5 "Net-(J7-PadT)")
  (net 6 /module_interface/voct1)
  (net 7 /module_interface/voct2)
  (net 8 "Net-(J10-PadT)")
  (net 9 "Net-(J11-PadT)")
  (net 10 "Net-(J11-PadTN)")
  (net 11 "Net-(J12-PadT)")
  (net 12 "Net-(J12-PadTN)")
  (net 13 "Net-(J13-PadTN)")
  (net 14 "Net-(J13-PadT)")
  (net 15 /module_interface/freq)
  (net 16 /module_interface/fine)
  (net 17 /module_interface/lin_fm)
  (net 18 /module_interface/exp_fm)
  (net 19 /module_interface/h_sync)
  (net 20 /module_interface/s_sync)
  (net 21 /module_interface/squ)
  (net 22 /module_interface/Vref)
  (net 23 /module_interface/PWM)
  (net 24 /module_interface/tri_out)
  (net 25 /module_interface/saw_out)
  (net 26 "Net-(R32-Pad2)")
  (net 27 "Net-(R33-Pad2)")
  (net 28 "Net-(R36-Pad2)")
  (net 29 "Net-(R37-Pad2)")
  (net 30 "Net-(R38-Pad2)")
  (net 31 "Net-(R39-Pad2)")
  (net 32 "Net-(R41-Pad2)")
  (net 33 "Net-(RV8-Pad2)")
  (net 34 "Net-(RV9-Pad2)")

  (net_class Default "これはデフォルトのネット クラスです。"
    (clearance 0.2)
    (trace_width 0.25)
    (via_dia 0.8)
    (via_drill 0.4)
    (uvia_dia 0.3)
    (uvia_drill 0.1)
    (add_net +12V)
    (add_net -12V)
    (add_net /module_interface/PWM)
    (add_net /module_interface/Vref)
    (add_net /module_interface/exp_fm)
    (add_net /module_interface/fine)
    (add_net /module_interface/freq)
    (add_net /module_interface/h_sync)
    (add_net /module_interface/lin_fm)
    (add_net /module_interface/s_sync)
    (add_net /module_interface/saw_out)
    (add_net /module_interface/squ)
    (add_net /module_interface/tri_out)
    (add_net /module_interface/voct1)
    (add_net /module_interface/voct2)
    (add_net GND)
    (add_net "Net-(J10-PadT)")
    (add_net "Net-(J11-PadT)")
    (add_net "Net-(J11-PadTN)")
    (add_net "Net-(J12-PadT)")
    (add_net "Net-(J12-PadTN)")
    (add_net "Net-(J13-PadT)")
    (add_net "Net-(J13-PadTN)")
    (add_net "Net-(J6-PadT)")
    (add_net "Net-(J7-PadT)")
    (add_net "Net-(R32-Pad2)")
    (add_net "Net-(R33-Pad2)")
    (add_net "Net-(R36-Pad2)")
    (add_net "Net-(R37-Pad2)")
    (add_net "Net-(R38-Pad2)")
    (add_net "Net-(R39-Pad2)")
    (add_net "Net-(R41-Pad2)")
    (add_net "Net-(RV8-Pad2)")
    (add_net "Net-(RV9-Pad2)")
  )

  (module MountingHole:MountingHole_3.2mm_M3 (layer F.Cu) (tedit 56D1B4CB) (tstamp 6405EBC1)
    (at 80.01 137.16)
    (descr "Mounting Hole 3.2mm, no annular, M3")
    (tags "mounting hole 3.2mm no annular m3")
    (attr virtual)
    (fp_text reference REF** (at 0 -4.2) (layer F.SilkS) hide
      (effects (font (size 1 1) (thickness 0.15)))
    )
    (fp_text value MountingHole_3.2mm_M3 (at 0 4.2) (layer F.Fab) hide
      (effects (font (size 1 1) (thickness 0.15)))
    )
    (fp_circle (center 0 0) (end 3.45 0) (layer F.CrtYd) (width 0.05))
    (fp_circle (center 0 0) (end 3.2 0) (layer Cmts.User) (width 0.15))
    (fp_text user %R (at 0.3 0) (layer F.Fab) hide
      (effects (font (size 1 1) (thickness 0.15)))
    )
    (pad 1 np_thru_hole circle (at 0 0) (size 3.2 3.2) (drill 3.2) (layers *.Cu *.Mask))
  )

  (module MountingHole:MountingHole_3.2mm_M3 (layer F.Cu) (tedit 56D1B4CB) (tstamp 6405EB99)
    (at 110.49 64.77)
    (descr "Mounting Hole 3.2mm, no annular, M3")
    (tags "mounting hole 3.2mm no annular m3")
    (attr virtual)
    (fp_text reference REF** (at 0 -4.2) (layer F.SilkS) hide
      (effects (font (size 1 1) (thickness 0.15)))
    )
    (fp_text value MountingHole_3.2mm_M3 (at 0 4.2) (layer F.Fab) hide
      (effects (font (size 1 1) (thickness 0.15)))
    )
    (fp_text user %R (at 0.3 0) (layer F.Fab) hide
      (effects (font (size 1 1) (thickness 0.15)))
    )
    (fp_circle (center 0 0) (end 3.2 0) (layer Cmts.User) (width 0.15))
    (fp_circle (center 0 0) (end 3.45 0) (layer F.CrtYd) (width 0.05))
    (pad 1 np_thru_hole circle (at 0 0) (size 3.2 3.2) (drill 3.2) (layers *.Cu *.Mask))
  )

  (module Attenuverter:C_Axial_L4.8mm_D2.0mm_P2.54mm_Horizontal (layer F.Cu) (tedit 62A9D55A) (tstamp 640580AC)
    (at 93.98 88.9 180)
    (path /6449362E/6452938E)
    (fp_text reference C19 (at 1.27 1.27) (layer F.SilkS)
      (effects (font (size 1 1) (thickness 0.15)))
    )
    (fp_text value 0.1u (at 2.54 2.54) (layer F.Fab)
      (effects (font (size 1 1) (thickness 0.15)))
    )
    (fp_line (start -1.2 -1.03) (end -1.2 0.97) (layer F.SilkS) (width 0.12))
    (fp_line (start -1.2 0.97) (end 3.64 0.97) (layer F.SilkS) (width 0.12))
    (fp_line (start 3.64 0.97) (end 3.64 -1.03) (layer F.SilkS) (width 0.12))
    (fp_line (start 3.64 -1.03) (end -1.2 -1.03) (layer F.SilkS) (width 0.12))
    (pad 2 thru_hole circle (at 2.54 0 180) (size 1.524 1.524) (drill 0.762) (layers *.Cu *.Mask)
      (net 1 +12V))
    (pad 1 thru_hole circle (at 0 0 180) (size 1.524 1.524) (drill 0.762) (layers *.Cu *.Mask)
      (net 2 GND))
  )

  (module Attenuverter:C_Axial_L4.8mm_D2.0mm_P2.54mm_Horizontal (layer F.Cu) (tedit 62A9D55A) (tstamp 640580B6)
    (at 93.98 109.22 180)
    (path /6449362E/64529388)
    (fp_text reference C20 (at 1.27 -1.27) (layer F.SilkS)
      (effects (font (size 1 1) (thickness 0.15)))
    )
    (fp_text value 0.1u (at 2.54 2.54) (layer F.Fab)
      (effects (font (size 1 1) (thickness 0.15)))
    )
    (fp_line (start -1.2 -1.03) (end -1.2 0.97) (layer F.SilkS) (width 0.12))
    (fp_line (start -1.2 0.97) (end 3.64 0.97) (layer F.SilkS) (width 0.12))
    (fp_line (start 3.64 0.97) (end 3.64 -1.03) (layer F.SilkS) (width 0.12))
    (fp_line (start 3.64 -1.03) (end -1.2 -1.03) (layer F.SilkS) (width 0.12))
    (pad 2 thru_hole circle (at 2.54 0 180) (size 1.524 1.524) (drill 0.762) (layers *.Cu *.Mask)
      (net 2 GND))
    (pad 1 thru_hole circle (at 0 0 180) (size 1.524 1.524) (drill 0.762) (layers *.Cu *.Mask)
      (net 3 -12V))
  )

  (module Attenuverter:MJ-355_3.5mm_mono_jack (layer F.Cu) (tedit 6316CD6A) (tstamp 640580D4)
    (at 81.28 104.14 180)
    (path /6449362E/644A46B6)
    (fp_text reference J6 (at 0 5.715) (layer F.SilkS)
      (effects (font (size 1 1) (thickness 0.15)))
    )
    (fp_text value "lin FM" (at 0 -6.985) (layer F.Fab)
      (effects (font (size 1 1) (thickness 0.15)))
    )
    (fp_text user KEEPOUT (at 0.03 0) (layer Cmts.User)
      (effects (font (size 0.4 0.4) (thickness 0.051)))
    )
    (fp_line (start -1.38 -0.46) (end -0.43 -1.41) (layer Dwgs.User) (width 0.12))
    (fp_circle (center 0.03 0) (end 1.53 0) (layer Dwgs.User) (width 0.12))
    (fp_line (start 3.99 -5.6) (end 3.99 4.9) (layer F.SilkS) (width 0.12))
    (fp_circle (center 0.03 0) (end 1.83 0) (layer F.Fab) (width 0.1))
    (fp_line (start 4 4.93) (end 0 4.93) (layer F.SilkS) (width 0.12))
    (fp_line (start 4.1 -5.72) (end -5.1 -5.72) (layer F.CrtYd) (width 0.05))
    (fp_line (start 0.12 1.48) (end 1.51 0.09) (layer Dwgs.User) (width 0.12))
    (fp_line (start 3.99 4.83) (end 3.99 -5.57) (layer F.Fab) (width 0.1))
    (fp_line (start -0.55 1.35) (end 1.39 -0.59) (layer Dwgs.User) (width 0.12))
    (fp_circle (center 0.03 0) (end 1.83 0) (layer F.SilkS) (width 0.12))
    (fp_line (start -1.39 0.395) (end 0.43 -1.42) (layer Dwgs.User) (width 0.12))
    (fp_line (start -1 4.93) (end -5 4.93) (layer F.SilkS) (width 0.12))
    (fp_line (start -5.01 4.83) (end -5.01 -5.57) (layer F.Fab) (width 0.1))
    (fp_line (start 3.99 -5.57) (end -5.01 -5.57) (layer F.Fab) (width 0.1))
    (fp_line (start -5.01 -5.62) (end -5.01 4.88) (layer F.SilkS) (width 0.12))
    (fp_line (start -1.04 1.01) (end 1.04 -1.07) (layer Dwgs.User) (width 0.12))
    (fp_line (start -0.86 -5.62) (end -5.01 -5.62) (layer F.SilkS) (width 0.12))
    (fp_line (start 4 4.91) (end -5 4.91) (layer F.Fab) (width 0.1))
    (fp_line (start 3.99 -5.6) (end -0.16 -5.6) (layer F.SilkS) (width 0.12))
    (fp_line (start -5.11 5.03) (end -5.1 -5.72) (layer F.CrtYd) (width 0.05))
    (fp_line (start 4.1 5.03) (end 4.1 -5.72) (layer F.CrtYd) (width 0.05))
    (fp_line (start 4.1 5.03) (end -5.11 5.03) (layer F.CrtYd) (width 0.05))
    (pad TN thru_hole oval (at -3.8 1.38 90) (size 3.25 2) (drill oval 2.65 0.9) (layers *.Cu *.Mask)
      (net 2 GND))
    (pad T thru_hole oval (at 0.89 -4.4) (size 3.25 2) (drill oval 2.65 0.9) (layers *.Cu *.Mask)
      (net 4 "Net-(J6-PadT)"))
    (pad S thru_hole oval (at 0.93 3.7) (size 3.25 2) (drill oval 2.65 0.9) (layers *.Cu *.Mask)
      (net 2 GND))
  )

  (module Attenuverter:MJ-355_3.5mm_mono_jack (layer F.Cu) (tedit 6316CD6A) (tstamp 640580F2)
    (at 81.28 118.11 180)
    (path /6449362E/644B632C)
    (fp_text reference J7 (at 0 5.715) (layer F.SilkS)
      (effects (font (size 1 1) (thickness 0.15)))
    )
    (fp_text value sync (at 0 -6.985) (layer F.Fab)
      (effects (font (size 1 1) (thickness 0.15)))
    )
    (fp_text user KEEPOUT (at 0.03 0) (layer Cmts.User)
      (effects (font (size 0.4 0.4) (thickness 0.051)))
    )
    (fp_line (start -1.38 -0.46) (end -0.43 -1.41) (layer Dwgs.User) (width 0.12))
    (fp_circle (center 0.03 0) (end 1.53 0) (layer Dwgs.User) (width 0.12))
    (fp_line (start 3.99 -5.6) (end 3.99 4.9) (layer F.SilkS) (width 0.12))
    (fp_circle (center 0.03 0) (end 1.83 0) (layer F.Fab) (width 0.1))
    (fp_line (start 4 4.93) (end 0 4.93) (layer F.SilkS) (width 0.12))
    (fp_line (start 4.1 -5.72) (end -5.1 -5.72) (layer F.CrtYd) (width 0.05))
    (fp_line (start 0.12 1.48) (end 1.51 0.09) (layer Dwgs.User) (width 0.12))
    (fp_line (start 3.99 4.83) (end 3.99 -5.57) (layer F.Fab) (width 0.1))
    (fp_line (start -0.55 1.35) (end 1.39 -0.59) (layer Dwgs.User) (width 0.12))
    (fp_circle (center 0.03 0) (end 1.83 0) (layer F.SilkS) (width 0.12))
    (fp_line (start -1.39 0.395) (end 0.43 -1.42) (layer Dwgs.User) (width 0.12))
    (fp_line (start -1 4.93) (end -5 4.93) (layer F.SilkS) (width 0.12))
    (fp_line (start -5.01 4.83) (end -5.01 -5.57) (layer F.Fab) (width 0.1))
    (fp_line (start 3.99 -5.57) (end -5.01 -5.57) (layer F.Fab) (width 0.1))
    (fp_line (start -5.01 -5.62) (end -5.01 4.88) (layer F.SilkS) (width 0.12))
    (fp_line (start -1.04 1.01) (end 1.04 -1.07) (layer Dwgs.User) (width 0.12))
    (fp_line (start -0.86 -5.62) (end -5.01 -5.62) (layer F.SilkS) (width 0.12))
    (fp_line (start 4 4.91) (end -5 4.91) (layer F.Fab) (width 0.1))
    (fp_line (start 3.99 -5.6) (end -0.16 -5.6) (layer F.SilkS) (width 0.12))
    (fp_line (start -5.11 5.03) (end -5.1 -5.72) (layer F.CrtYd) (width 0.05))
    (fp_line (start 4.1 5.03) (end 4.1 -5.72) (layer F.CrtYd) (width 0.05))
    (fp_line (start 4.1 5.03) (end -5.11 5.03) (layer F.CrtYd) (width 0.05))
    (pad TN thru_hole oval (at -3.8 1.38 90) (size 3.25 2) (drill oval 2.65 0.9) (layers *.Cu *.Mask)
      (net 2 GND))
    (pad T thru_hole oval (at 0.89 -4.4) (size 3.25 2) (drill oval 2.65 0.9) (layers *.Cu *.Mask)
      (net 5 "Net-(J7-PadT)"))
    (pad S thru_hole oval (at 0.93 3.7) (size 3.25 2) (drill oval 2.65 0.9) (layers *.Cu *.Mask)
      (net 2 GND))
  )

  (module Attenuverter:MJ-355_3.5mm_mono_jack_terminal_only (layer F.Cu) (tedit 6400480B) (tstamp 64058106)
    (at 81.28 49.53)
    (path /6449362E/644B6312)
    (fp_text reference J8 (at 6.35 6.35) (layer F.SilkS)
      (effects (font (size 1 1) (thickness 0.15)))
    )
    (fp_text value V/oct_1 (at 0 -10.16) (layer F.Fab)
      (effects (font (size 1 1) (thickness 0.15)))
    )
    (fp_line (start 5.01 2.54) (end -3.99 2.54) (layer F.SilkS) (width 0.12))
    (fp_line (start -3.99 5.6) (end 0.16 5.6) (layer F.SilkS) (width 0.12))
    (fp_line (start 0.86 5.62) (end 5.01 5.62) (layer F.SilkS) (width 0.12))
    (fp_line (start 1.04 -1.01) (end -1.04 1.07) (layer Dwgs.User) (width 0.12))
    (fp_line (start 5.01 5.62) (end 5.01 2.54) (layer F.SilkS) (width 0.12))
    (fp_line (start 1.39 -0.395) (end -0.43 1.42) (layer Dwgs.User) (width 0.12))
    (fp_line (start 0.55 -1.35) (end -1.39 0.59) (layer Dwgs.User) (width 0.12))
    (fp_line (start -0.12 -1.48) (end -1.51 -0.09) (layer Dwgs.User) (width 0.12))
    (fp_circle (center -0.03 0) (end -1.83 0) (layer F.Fab) (width 0.1))
    (fp_line (start -3.99 5.6) (end -3.99 2.54) (layer F.SilkS) (width 0.12))
    (fp_circle (center -0.03 0) (end -1.53 0) (layer Dwgs.User) (width 0.12))
    (fp_line (start 1.38 0.46) (end 0.43 1.41) (layer Dwgs.User) (width 0.12))
    (fp_text user KEEPOUT (at -0.03 0 180) (layer Cmts.User)
      (effects (font (size 0.4 0.4) (thickness 0.051)))
    )
    (pad T thru_hole oval (at -0.89 4.4) (size 3.25 2) (drill oval 2.65 0.9) (layers *.Cu *.Mask)
      (net 6 /module_interface/voct1))
    (pad TN thru_hole circle (at 6.35 3.81) (size 1.524 1.524) (drill 0.762) (layers *.Cu *.Mask)
      (net 2 GND))
    (pad S thru_hole circle (at 8.89 3.81) (size 1.524 1.524) (drill 0.762) (layers *.Cu *.Mask)
      (net 2 GND))
  )

  (module Attenuverter:MJ-355_3.5mm_mono_jack (layer F.Cu) (tedit 6316CD6A) (tstamp 64058124)
    (at 81.28 63.5 180)
    (path /6449362E/644B631F)
    (fp_text reference J9 (at 0 5.715) (layer F.SilkS)
      (effects (font (size 1 1) (thickness 0.15)))
    )
    (fp_text value V/oct_2 (at 0 -6.985) (layer F.Fab)
      (effects (font (size 1 1) (thickness 0.15)))
    )
    (fp_line (start 4.1 5.03) (end -5.11 5.03) (layer F.CrtYd) (width 0.05))
    (fp_line (start 4.1 5.03) (end 4.1 -5.72) (layer F.CrtYd) (width 0.05))
    (fp_line (start -5.11 5.03) (end -5.1 -5.72) (layer F.CrtYd) (width 0.05))
    (fp_line (start 3.99 -5.6) (end -0.16 -5.6) (layer F.SilkS) (width 0.12))
    (fp_line (start 4 4.91) (end -5 4.91) (layer F.Fab) (width 0.1))
    (fp_line (start -0.86 -5.62) (end -5.01 -5.62) (layer F.SilkS) (width 0.12))
    (fp_line (start -1.04 1.01) (end 1.04 -1.07) (layer Dwgs.User) (width 0.12))
    (fp_line (start -5.01 -5.62) (end -5.01 4.88) (layer F.SilkS) (width 0.12))
    (fp_line (start 3.99 -5.57) (end -5.01 -5.57) (layer F.Fab) (width 0.1))
    (fp_line (start -5.01 4.83) (end -5.01 -5.57) (layer F.Fab) (width 0.1))
    (fp_line (start -1 4.93) (end -5 4.93) (layer F.SilkS) (width 0.12))
    (fp_line (start -1.39 0.395) (end 0.43 -1.42) (layer Dwgs.User) (width 0.12))
    (fp_circle (center 0.03 0) (end 1.83 0) (layer F.SilkS) (width 0.12))
    (fp_line (start -0.55 1.35) (end 1.39 -0.59) (layer Dwgs.User) (width 0.12))
    (fp_line (start 3.99 4.83) (end 3.99 -5.57) (layer F.Fab) (width 0.1))
    (fp_line (start 0.12 1.48) (end 1.51 0.09) (layer Dwgs.User) (width 0.12))
    (fp_line (start 4.1 -5.72) (end -5.1 -5.72) (layer F.CrtYd) (width 0.05))
    (fp_line (start 4 4.93) (end 0 4.93) (layer F.SilkS) (width 0.12))
    (fp_circle (center 0.03 0) (end 1.83 0) (layer F.Fab) (width 0.1))
    (fp_line (start 3.99 -5.6) (end 3.99 4.9) (layer F.SilkS) (width 0.12))
    (fp_circle (center 0.03 0) (end 1.53 0) (layer Dwgs.User) (width 0.12))
    (fp_line (start -1.38 -0.46) (end -0.43 -1.41) (layer Dwgs.User) (width 0.12))
    (fp_text user KEEPOUT (at 0.03 0) (layer Cmts.User)
      (effects (font (size 0.4 0.4) (thickness 0.051)))
    )
    (pad S thru_hole oval (at 0.93 3.7) (size 3.25 2) (drill oval 2.65 0.9) (layers *.Cu *.Mask)
      (net 2 GND))
    (pad T thru_hole oval (at 0.89 -4.4) (size 3.25 2) (drill oval 2.65 0.9) (layers *.Cu *.Mask)
      (net 7 /module_interface/voct2))
    (pad TN thru_hole oval (at -3.8 1.38 90) (size 3.25 2) (drill oval 2.65 0.9) (layers *.Cu *.Mask)
      (net 2 GND))
  )

  (module Attenuverter:MJ-355_3.5mm_mono_jack (layer F.Cu) (tedit 6316CD6A) (tstamp 64058142)
    (at 81.28 88.9 180)
    (path /6449362E/644C9A0F)
    (fp_text reference J10 (at 0 5.715) (layer F.SilkS)
      (effects (font (size 1 1) (thickness 0.15)))
    )
    (fp_text value "exp FM" (at 0 -6.985) (layer F.Fab)
      (effects (font (size 1 1) (thickness 0.15)))
    )
    (fp_line (start 4.1 5.03) (end -5.11 5.03) (layer F.CrtYd) (width 0.05))
    (fp_line (start 4.1 5.03) (end 4.1 -5.72) (layer F.CrtYd) (width 0.05))
    (fp_line (start -5.11 5.03) (end -5.1 -5.72) (layer F.CrtYd) (width 0.05))
    (fp_line (start 3.99 -5.6) (end -0.16 -5.6) (layer F.SilkS) (width 0.12))
    (fp_line (start 4 4.91) (end -5 4.91) (layer F.Fab) (width 0.1))
    (fp_line (start -0.86 -5.62) (end -5.01 -5.62) (layer F.SilkS) (width 0.12))
    (fp_line (start -1.04 1.01) (end 1.04 -1.07) (layer Dwgs.User) (width 0.12))
    (fp_line (start -5.01 -5.62) (end -5.01 4.88) (layer F.SilkS) (width 0.12))
    (fp_line (start 3.99 -5.57) (end -5.01 -5.57) (layer F.Fab) (width 0.1))
    (fp_line (start -5.01 4.83) (end -5.01 -5.57) (layer F.Fab) (width 0.1))
    (fp_line (start -1 4.93) (end -5 4.93) (layer F.SilkS) (width 0.12))
    (fp_line (start -1.39 0.395) (end 0.43 -1.42) (layer Dwgs.User) (width 0.12))
    (fp_circle (center 0.03 0) (end 1.83 0) (layer F.SilkS) (width 0.12))
    (fp_line (start -0.55 1.35) (end 1.39 -0.59) (layer Dwgs.User) (width 0.12))
    (fp_line (start 3.99 4.83) (end 3.99 -5.57) (layer F.Fab) (width 0.1))
    (fp_line (start 0.12 1.48) (end 1.51 0.09) (layer Dwgs.User) (width 0.12))
    (fp_line (start 4.1 -5.72) (end -5.1 -5.72) (layer F.CrtYd) (width 0.05))
    (fp_line (start 4 4.93) (end 0 4.93) (layer F.SilkS) (width 0.12))
    (fp_circle (center 0.03 0) (end 1.83 0) (layer F.Fab) (width 0.1))
    (fp_line (start 3.99 -5.6) (end 3.99 4.9) (layer F.SilkS) (width 0.12))
    (fp_circle (center 0.03 0) (end 1.53 0) (layer Dwgs.User) (width 0.12))
    (fp_line (start -1.38 -0.46) (end -0.43 -1.41) (layer Dwgs.User) (width 0.12))
    (fp_text user KEEPOUT (at 0.03 0) (layer Cmts.User)
      (effects (font (size 0.4 0.4) (thickness 0.051)))
    )
    (pad S thru_hole oval (at 0.93 3.7) (size 3.25 2) (drill oval 2.65 0.9) (layers *.Cu *.Mask)
      (net 2 GND))
    (pad T thru_hole oval (at 0.89 -4.4) (size 3.25 2) (drill oval 2.65 0.9) (layers *.Cu *.Mask)
      (net 8 "Net-(J10-PadT)"))
    (pad TN thru_hole oval (at -3.8 1.38 90) (size 3.25 2) (drill oval 2.65 0.9) (layers *.Cu *.Mask)
      (net 2 GND))
  )

  (module Attenuverter:MJ-355_3.5mm_mono_jack (layer F.Cu) (tedit 6316CD6A) (tstamp 64058160)
    (at 82.55 146.05 270)
    (path /6449362E/644D6877)
    (fp_text reference J11 (at -3.81 -3.81 180) (layer F.SilkS)
      (effects (font (size 1 1) (thickness 0.15)))
    )
    (fp_text value tri_out (at 0 -6.985 90) (layer F.Fab)
      (effects (font (size 1 1) (thickness 0.15)))
    )
    (fp_line (start 4.1 5.03) (end -5.11 5.03) (layer F.CrtYd) (width 0.05))
    (fp_line (start 4.1 5.03) (end 4.1 -5.72) (layer F.CrtYd) (width 0.05))
    (fp_line (start -5.11 5.03) (end -5.1 -5.72) (layer F.CrtYd) (width 0.05))
    (fp_line (start 3.99 -5.6) (end -0.16 -5.6) (layer F.SilkS) (width 0.12))
    (fp_line (start 4 4.91) (end -5 4.91) (layer F.Fab) (width 0.1))
    (fp_line (start -0.86 -5.62) (end -5.01 -5.62) (layer F.SilkS) (width 0.12))
    (fp_line (start -1.04 1.01) (end 1.04 -1.07) (layer Dwgs.User) (width 0.12))
    (fp_line (start -5.01 -5.62) (end -5.01 4.88) (layer F.SilkS) (width 0.12))
    (fp_line (start 3.99 -5.57) (end -5.01 -5.57) (layer F.Fab) (width 0.1))
    (fp_line (start -5.01 4.83) (end -5.01 -5.57) (layer F.Fab) (width 0.1))
    (fp_line (start -1 4.93) (end -5 4.93) (layer F.SilkS) (width 0.12))
    (fp_line (start -1.39 0.395) (end 0.43 -1.42) (layer Dwgs.User) (width 0.12))
    (fp_circle (center 0.03 0) (end 1.83 0) (layer F.SilkS) (width 0.12))
    (fp_line (start -0.55 1.35) (end 1.39 -0.59) (layer Dwgs.User) (width 0.12))
    (fp_line (start 3.99 4.83) (end 3.99 -5.57) (layer F.Fab) (width 0.1))
    (fp_line (start 0.12 1.48) (end 1.51 0.09) (layer Dwgs.User) (width 0.12))
    (fp_line (start 4.1 -5.72) (end -5.1 -5.72) (layer F.CrtYd) (width 0.05))
    (fp_line (start 4 4.93) (end 0 4.93) (layer F.SilkS) (width 0.12))
    (fp_circle (center 0.03 0) (end 1.83 0) (layer F.Fab) (width 0.1))
    (fp_line (start 3.99 -5.6) (end 3.99 4.9) (layer F.SilkS) (width 0.12))
    (fp_circle (center 0.03 0) (end 1.53 0) (layer Dwgs.User) (width 0.12))
    (fp_line (start -1.38 -0.46) (end -0.43 -1.41) (layer Dwgs.User) (width 0.12))
    (fp_text user KEEPOUT (at 0.03 0 90) (layer Cmts.User)
      (effects (font (size 0.4 0.4) (thickness 0.051)))
    )
    (pad S thru_hole oval (at 0.93 3.7 90) (size 3.25 2) (drill oval 2.65 0.9) (layers *.Cu *.Mask)
      (net 2 GND))
    (pad T thru_hole oval (at 0.89 -4.4 90) (size 3.25 2) (drill oval 2.65 0.9) (layers *.Cu *.Mask)
      (net 9 "Net-(J11-PadT)"))
    (pad TN thru_hole oval (at -3.8 1.38 180) (size 3.25 2) (drill oval 2.65 0.9) (layers *.Cu *.Mask)
      (net 10 "Net-(J11-PadTN)"))
  )

  (module Attenuverter:MJ-355_3.5mm_mono_jack (layer F.Cu) (tedit 6316CD6A) (tstamp 6405817E)
    (at 95.25 146.05 270)
    (path /6449362E/644D687D)
    (fp_text reference J12 (at -3.81 -3.81 180) (layer F.SilkS)
      (effects (font (size 1 1) (thickness 0.15)))
    )
    (fp_text value saw_out (at 0 -6.985 90) (layer F.Fab)
      (effects (font (size 1 1) (thickness 0.15)))
    )
    (fp_line (start 4.1 5.03) (end -5.11 5.03) (layer F.CrtYd) (width 0.05))
    (fp_line (start 4.1 5.03) (end 4.1 -5.72) (layer F.CrtYd) (width 0.05))
    (fp_line (start -5.11 5.03) (end -5.1 -5.72) (layer F.CrtYd) (width 0.05))
    (fp_line (start 3.99 -5.6) (end -0.16 -5.6) (layer F.SilkS) (width 0.12))
    (fp_line (start 4 4.91) (end -5 4.91) (layer F.Fab) (width 0.1))
    (fp_line (start -0.86 -5.62) (end -5.01 -5.62) (layer F.SilkS) (width 0.12))
    (fp_line (start -1.04 1.01) (end 1.04 -1.07) (layer Dwgs.User) (width 0.12))
    (fp_line (start -5.01 -5.62) (end -5.01 4.88) (layer F.SilkS) (width 0.12))
    (fp_line (start 3.99 -5.57) (end -5.01 -5.57) (layer F.Fab) (width 0.1))
    (fp_line (start -5.01 4.83) (end -5.01 -5.57) (layer F.Fab) (width 0.1))
    (fp_line (start -1 4.93) (end -5 4.93) (layer F.SilkS) (width 0.12))
    (fp_line (start -1.39 0.395) (end 0.43 -1.42) (layer Dwgs.User) (width 0.12))
    (fp_circle (center 0.03 0) (end 1.83 0) (layer F.SilkS) (width 0.12))
    (fp_line (start -0.55 1.35) (end 1.39 -0.59) (layer Dwgs.User) (width 0.12))
    (fp_line (start 3.99 4.83) (end 3.99 -5.57) (layer F.Fab) (width 0.1))
    (fp_line (start 0.12 1.48) (end 1.51 0.09) (layer Dwgs.User) (width 0.12))
    (fp_line (start 4.1 -5.72) (end -5.1 -5.72) (layer F.CrtYd) (width 0.05))
    (fp_line (start 4 4.93) (end 0 4.93) (layer F.SilkS) (width 0.12))
    (fp_circle (center 0.03 0) (end 1.83 0) (layer F.Fab) (width 0.1))
    (fp_line (start 3.99 -5.6) (end 3.99 4.9) (layer F.SilkS) (width 0.12))
    (fp_circle (center 0.03 0) (end 1.53 0) (layer Dwgs.User) (width 0.12))
    (fp_line (start -1.38 -0.46) (end -0.43 -1.41) (layer Dwgs.User) (width 0.12))
    (fp_text user KEEPOUT (at 0.03 0 90) (layer Cmts.User)
      (effects (font (size 0.4 0.4) (thickness 0.051)))
    )
    (pad S thru_hole oval (at 0.93 3.7 90) (size 3.25 2) (drill oval 2.65 0.9) (layers *.Cu *.Mask)
      (net 2 GND))
    (pad T thru_hole oval (at 0.89 -4.4 90) (size 3.25 2) (drill oval 2.65 0.9) (layers *.Cu *.Mask)
      (net 11 "Net-(J12-PadT)"))
    (pad TN thru_hole oval (at -3.8 1.38 180) (size 3.25 2) (drill oval 2.65 0.9) (layers *.Cu *.Mask)
      (net 12 "Net-(J12-PadTN)"))
  )

  (module Attenuverter:MJ-355_3.5mm_mono_jack (layer F.Cu) (tedit 6316CD6A) (tstamp 6405819C)
    (at 107.95 146.05 270)
    (path /6449362E/644F592D)
    (fp_text reference J13 (at -3.81 -3.81 180) (layer F.SilkS)
      (effects (font (size 1 1) (thickness 0.15)))
    )
    (fp_text value squ_out (at 0 -6.985 90) (layer F.Fab)
      (effects (font (size 1 1) (thickness 0.15)))
    )
    (fp_text user KEEPOUT (at 0.03 0 90) (layer Cmts.User)
      (effects (font (size 0.4 0.4) (thickness 0.051)))
    )
    (fp_line (start -1.38 -0.46) (end -0.43 -1.41) (layer Dwgs.User) (width 0.12))
    (fp_circle (center 0.03 0) (end 1.53 0) (layer Dwgs.User) (width 0.12))
    (fp_line (start 3.99 -5.6) (end 3.99 4.9) (layer F.SilkS) (width 0.12))
    (fp_circle (center 0.03 0) (end 1.83 0) (layer F.Fab) (width 0.1))
    (fp_line (start 4 4.93) (end 0 4.93) (layer F.SilkS) (width 0.12))
    (fp_line (start 4.1 -5.72) (end -5.1 -5.72) (layer F.CrtYd) (width 0.05))
    (fp_line (start 0.12 1.48) (end 1.51 0.09) (layer Dwgs.User) (width 0.12))
    (fp_line (start 3.99 4.83) (end 3.99 -5.57) (layer F.Fab) (width 0.1))
    (fp_line (start -0.55 1.35) (end 1.39 -0.59) (layer Dwgs.User) (width 0.12))
    (fp_circle (center 0.03 0) (end 1.83 0) (layer F.SilkS) (width 0.12))
    (fp_line (start -1.39 0.395) (end 0.43 -1.42) (layer Dwgs.User) (width 0.12))
    (fp_line (start -1 4.93) (end -5 4.93) (layer F.SilkS) (width 0.12))
    (fp_line (start -5.01 4.83) (end -5.01 -5.57) (layer F.Fab) (width 0.1))
    (fp_line (start 3.99 -5.57) (end -5.01 -5.57) (layer F.Fab) (width 0.1))
    (fp_line (start -5.01 -5.62) (end -5.01 4.88) (layer F.SilkS) (width 0.12))
    (fp_line (start -1.04 1.01) (end 1.04 -1.07) (layer Dwgs.User) (width 0.12))
    (fp_line (start -0.86 -5.62) (end -5.01 -5.62) (layer F.SilkS) (width 0.12))
    (fp_line (start 4 4.91) (end -5 4.91) (layer F.Fab) (width 0.1))
    (fp_line (start 3.99 -5.6) (end -0.16 -5.6) (layer F.SilkS) (width 0.12))
    (fp_line (start -5.11 5.03) (end -5.1 -5.72) (layer F.CrtYd) (width 0.05))
    (fp_line (start 4.1 5.03) (end 4.1 -5.72) (layer F.CrtYd) (width 0.05))
    (fp_line (start 4.1 5.03) (end -5.11 5.03) (layer F.CrtYd) (width 0.05))
    (pad TN thru_hole oval (at -3.8 1.38 180) (size 3.25 2) (drill oval 2.65 0.9) (layers *.Cu *.Mask)
      (net 13 "Net-(J13-PadTN)"))
    (pad T thru_hole oval (at 0.89 -4.4 90) (size 3.25 2) (drill oval 2.65 0.9) (layers *.Cu *.Mask)
      (net 14 "Net-(J13-PadT)"))
    (pad S thru_hole oval (at 0.93 3.7 90) (size 3.25 2) (drill oval 2.65 0.9) (layers *.Cu *.Mask)
      (net 2 GND))
  )

  (module Connector_PinHeader_2.54mm:PinHeader_2x04_P2.54mm_Vertical (layer F.Cu) (tedit 59FED5CC) (tstamp 640581BA)
    (at 81.28 72.39)
    (descr "Through hole straight pin header, 2x04, 2.54mm pitch, double rows")
    (tags "Through hole pin header THT 2x04 2.54mm double row")
    (path /6449362E/6478D372)
    (fp_text reference J14 (at 1.27 -2.33) (layer F.SilkS)
      (effects (font (size 1 1) (thickness 0.15)))
    )
    (fp_text value bus_L (at 1.27 9.95) (layer F.Fab)
      (effects (font (size 1 1) (thickness 0.15)))
    )
    (fp_line (start 4.35 -1.8) (end -1.8 -1.8) (layer F.CrtYd) (width 0.05))
    (fp_line (start 4.35 9.4) (end 4.35 -1.8) (layer F.CrtYd) (width 0.05))
    (fp_line (start -1.8 9.4) (end 4.35 9.4) (layer F.CrtYd) (width 0.05))
    (fp_line (start -1.8 -1.8) (end -1.8 9.4) (layer F.CrtYd) (width 0.05))
    (fp_line (start -1.33 -1.33) (end 0 -1.33) (layer F.SilkS) (width 0.12))
    (fp_line (start -1.33 0) (end -1.33 -1.33) (layer F.SilkS) (width 0.12))
    (fp_line (start 1.27 -1.33) (end 3.87 -1.33) (layer F.SilkS) (width 0.12))
    (fp_line (start 1.27 1.27) (end 1.27 -1.33) (layer F.SilkS) (width 0.12))
    (fp_line (start -1.33 1.27) (end 1.27 1.27) (layer F.SilkS) (width 0.12))
    (fp_line (start 3.87 -1.33) (end 3.87 8.95) (layer F.SilkS) (width 0.12))
    (fp_line (start -1.33 1.27) (end -1.33 8.95) (layer F.SilkS) (width 0.12))
    (fp_line (start -1.33 8.95) (end 3.87 8.95) (layer F.SilkS) (width 0.12))
    (fp_line (start -1.27 0) (end 0 -1.27) (layer F.Fab) (width 0.1))
    (fp_line (start -1.27 8.89) (end -1.27 0) (layer F.Fab) (width 0.1))
    (fp_line (start 3.81 8.89) (end -1.27 8.89) (layer F.Fab) (width 0.1))
    (fp_line (start 3.81 -1.27) (end 3.81 8.89) (layer F.Fab) (width 0.1))
    (fp_line (start 0 -1.27) (end 3.81 -1.27) (layer F.Fab) (width 0.1))
    (fp_text user %R (at 1.27 3.81 90) (layer F.Fab)
      (effects (font (size 1 1) (thickness 0.15)))
    )
    (pad 1 thru_hole rect (at 0 0) (size 1.7 1.7) (drill 1) (layers *.Cu *.Mask)
      (net 6 /module_interface/voct1))
    (pad 2 thru_hole oval (at 2.54 0) (size 1.7 1.7) (drill 1) (layers *.Cu *.Mask)
      (net 15 /module_interface/freq))
    (pad 3 thru_hole oval (at 0 2.54) (size 1.7 1.7) (drill 1) (layers *.Cu *.Mask)
      (net 7 /module_interface/voct2))
    (pad 4 thru_hole oval (at 2.54 2.54) (size 1.7 1.7) (drill 1) (layers *.Cu *.Mask)
      (net 16 /module_interface/fine))
    (pad 5 thru_hole oval (at 0 5.08) (size 1.7 1.7) (drill 1) (layers *.Cu *.Mask)
      (net 1 +12V))
    (pad 6 thru_hole oval (at 2.54 5.08) (size 1.7 1.7) (drill 1) (layers *.Cu *.Mask)
      (net 2 GND))
    (pad 7 thru_hole oval (at 0 7.62) (size 1.7 1.7) (drill 1) (layers *.Cu *.Mask)
      (net 17 /module_interface/lin_fm))
    (pad 8 thru_hole oval (at 2.54 7.62) (size 1.7 1.7) (drill 1) (layers *.Cu *.Mask)
      (net 18 /module_interface/exp_fm))
    (model ${KISYS3DMOD}/Connector_PinHeader_2.54mm.3dshapes/PinHeader_2x04_P2.54mm_Vertical.wrl
      (at (xyz 0 0 0))
      (scale (xyz 1 1 1))
      (rotate (xyz 0 0 0))
    )
  )

  (module Connector_PinHeader_2.54mm:PinHeader_1x08_P2.54mm_Vertical (layer F.Cu) (tedit 59FED5CC) (tstamp 640581D6)
    (at 111.76 120.65)
    (descr "Through hole straight pin header, 1x08, 2.54mm pitch, single row")
    (tags "Through hole pin header THT 1x08 2.54mm single row")
    (path /6449362E/6461B98F)
    (fp_text reference J15 (at 0 -2.33) (layer F.SilkS)
      (effects (font (size 1 1) (thickness 0.15)))
    )
    (fp_text value bus_R (at 0 20.11) (layer F.Fab)
      (effects (font (size 1 1) (thickness 0.15)))
    )
    (fp_line (start 1.8 -1.8) (end -1.8 -1.8) (layer F.CrtYd) (width 0.05))
    (fp_line (start 1.8 19.55) (end 1.8 -1.8) (layer F.CrtYd) (width 0.05))
    (fp_line (start -1.8 19.55) (end 1.8 19.55) (layer F.CrtYd) (width 0.05))
    (fp_line (start -1.8 -1.8) (end -1.8 19.55) (layer F.CrtYd) (width 0.05))
    (fp_line (start -1.33 -1.33) (end 0 -1.33) (layer F.SilkS) (width 0.12))
    (fp_line (start -1.33 0) (end -1.33 -1.33) (layer F.SilkS) (width 0.12))
    (fp_line (start -1.33 1.27) (end 1.33 1.27) (layer F.SilkS) (width 0.12))
    (fp_line (start 1.33 1.27) (end 1.33 19.11) (layer F.SilkS) (width 0.12))
    (fp_line (start -1.33 1.27) (end -1.33 19.11) (layer F.SilkS) (width 0.12))
    (fp_line (start -1.33 19.11) (end 1.33 19.11) (layer F.SilkS) (width 0.12))
    (fp_line (start -1.27 -0.635) (end -0.635 -1.27) (layer F.Fab) (width 0.1))
    (fp_line (start -1.27 19.05) (end -1.27 -0.635) (layer F.Fab) (width 0.1))
    (fp_line (start 1.27 19.05) (end -1.27 19.05) (layer F.Fab) (width 0.1))
    (fp_line (start 1.27 -1.27) (end 1.27 19.05) (layer F.Fab) (width 0.1))
    (fp_line (start -0.635 -1.27) (end 1.27 -1.27) (layer F.Fab) (width 0.1))
    (fp_text user %R (at 0 8.89 90) (layer F.Fab)
      (effects (font (size 1 1) (thickness 0.15)))
    )
    (pad 1 thru_hole rect (at 0 0) (size 1.7 1.7) (drill 1) (layers *.Cu *.Mask)
      (net 19 /module_interface/h_sync))
    (pad 2 thru_hole oval (at 0 2.54) (size 1.7 1.7) (drill 1) (layers *.Cu *.Mask)
      (net 20 /module_interface/s_sync))
    (pad 3 thru_hole oval (at 0 5.08) (size 1.7 1.7) (drill 1) (layers *.Cu *.Mask)
      (net 3 -12V))
    (pad 4 thru_hole oval (at 0 7.62) (size 1.7 1.7) (drill 1) (layers *.Cu *.Mask)
      (net 21 /module_interface/squ))
    (pad 5 thru_hole oval (at 0 10.16) (size 1.7 1.7) (drill 1) (layers *.Cu *.Mask)
      (net 22 /module_interface/Vref))
    (pad 6 thru_hole oval (at 0 12.7) (size 1.7 1.7) (drill 1) (layers *.Cu *.Mask)
      (net 23 /module_interface/PWM))
    (pad 7 thru_hole oval (at 0 15.24) (size 1.7 1.7) (drill 1) (layers *.Cu *.Mask)
      (net 24 /module_interface/tri_out))
    (pad 8 thru_hole oval (at 0 17.78) (size 1.7 1.7) (drill 1) (layers *.Cu *.Mask)
      (net 25 /module_interface/saw_out))
    (model ${KISYS3DMOD}/Connector_PinHeader_2.54mm.3dshapes/PinHeader_1x08_P2.54mm_Vertical.wrl
      (at (xyz 0 0 0))
      (scale (xyz 1 1 1))
      (rotate (xyz 0 0 0))
    )
  )

  (module Resistor_THT:R_Axial_DIN0207_L6.3mm_D2.5mm_P2.54mm_Vertical (layer F.Cu) (tedit 5AE5139B) (tstamp 640581E5)
    (at 83.82 96.52)
    (descr "Resistor, Axial_DIN0207 series, Axial, Vertical, pin pitch=2.54mm, 0.25W = 1/4W, length*diameter=6.3*2.5mm^2, http://cdn-reichelt.de/documents/datenblatt/B400/1_4W%23YAG.pdf")
    (tags "Resistor Axial_DIN0207 series Axial Vertical pin pitch 2.54mm 0.25W = 1/4W length 6.3mm diameter 2.5mm")
    (path /6449362E/644A469A)
    (fp_text reference R32 (at -2.54 0) (layer F.SilkS)
      (effects (font (size 1 1) (thickness 0.15)))
    )
    (fp_text value 100k (at 1.27 2.37) (layer F.Fab)
      (effects (font (size 1 1) (thickness 0.15)))
    )
    (fp_line (start 3.59 -1.5) (end -1.5 -1.5) (layer F.CrtYd) (width 0.05))
    (fp_line (start 3.59 1.5) (end 3.59 -1.5) (layer F.CrtYd) (width 0.05))
    (fp_line (start -1.5 1.5) (end 3.59 1.5) (layer F.CrtYd) (width 0.05))
    (fp_line (start -1.5 -1.5) (end -1.5 1.5) (layer F.CrtYd) (width 0.05))
    (fp_line (start 1.37 0) (end 1.44 0) (layer F.SilkS) (width 0.12))
    (fp_line (start 0 0) (end 2.54 0) (layer F.Fab) (width 0.1))
    (fp_circle (center 0 0) (end 1.37 0) (layer F.SilkS) (width 0.12))
    (fp_circle (center 0 0) (end 1.25 0) (layer F.Fab) (width 0.1))
    (fp_text user %R (at 1.27 -2.37) (layer F.Fab)
      (effects (font (size 1 1) (thickness 0.15)))
    )
    (pad 1 thru_hole circle (at 0 0) (size 1.6 1.6) (drill 0.8) (layers *.Cu *.Mask)
      (net 4 "Net-(J6-PadT)"))
    (pad 2 thru_hole oval (at 2.54 0) (size 1.6 1.6) (drill 0.8) (layers *.Cu *.Mask)
      (net 26 "Net-(R32-Pad2)"))
    (model ${KISYS3DMOD}/Resistor_THT.3dshapes/R_Axial_DIN0207_L6.3mm_D2.5mm_P2.54mm_Vertical.wrl
      (at (xyz 0 0 0))
      (scale (xyz 1 1 1))
      (rotate (xyz 0 0 0))
    )
  )

  (module Resistor_THT:R_Axial_DIN0207_L6.3mm_D2.5mm_P2.54mm_Vertical (layer F.Cu) (tedit 5AE5139B) (tstamp 640581F4)
    (at 96.52 81.28 270)
    (descr "Resistor, Axial_DIN0207 series, Axial, Vertical, pin pitch=2.54mm, 0.25W = 1/4W, length*diameter=6.3*2.5mm^2, http://cdn-reichelt.de/documents/datenblatt/B400/1_4W%23YAG.pdf")
    (tags "Resistor Axial_DIN0207 series Axial Vertical pin pitch 2.54mm 0.25W = 1/4W length 6.3mm diameter 2.5mm")
    (path /6449362E/644C99E4)
    (fp_text reference R33 (at 0 2.54 90) (layer F.SilkS)
      (effects (font (size 1 1) (thickness 0.15)))
    )
    (fp_text value 100k (at 1.27 2.37 90) (layer F.Fab)
      (effects (font (size 1 1) (thickness 0.15)))
    )
    (fp_line (start 3.59 -1.5) (end -1.5 -1.5) (layer F.CrtYd) (width 0.05))
    (fp_line (start 3.59 1.5) (end 3.59 -1.5) (layer F.CrtYd) (width 0.05))
    (fp_line (start -1.5 1.5) (end 3.59 1.5) (layer F.CrtYd) (width 0.05))
    (fp_line (start -1.5 -1.5) (end -1.5 1.5) (layer F.CrtYd) (width 0.05))
    (fp_line (start 1.37 0) (end 1.44 0) (layer F.SilkS) (width 0.12))
    (fp_line (start 0 0) (end 2.54 0) (layer F.Fab) (width 0.1))
    (fp_circle (center 0 0) (end 1.37 0) (layer F.SilkS) (width 0.12))
    (fp_circle (center 0 0) (end 1.25 0) (layer F.Fab) (width 0.1))
    (fp_text user %R (at 1.27 -2.37 90) (layer F.Fab)
      (effects (font (size 1 1) (thickness 0.15)))
    )
    (pad 1 thru_hole circle (at 0 0 270) (size 1.6 1.6) (drill 0.8) (layers *.Cu *.Mask)
      (net 8 "Net-(J10-PadT)"))
    (pad 2 thru_hole oval (at 2.54 0 270) (size 1.6 1.6) (drill 0.8) (layers *.Cu *.Mask)
      (net 27 "Net-(R33-Pad2)"))
    (model ${KISYS3DMOD}/Resistor_THT.3dshapes/R_Axial_DIN0207_L6.3mm_D2.5mm_P2.54mm_Vertical.wrl
      (at (xyz 0 0 0))
      (scale (xyz 1 1 1))
      (rotate (xyz 0 0 0))
    )
  )

  (module Resistor_THT:R_Axial_DIN0207_L6.3mm_D2.5mm_P2.54mm_Vertical (layer F.Cu) (tedit 5AE5139B) (tstamp 64058203)
    (at 88.9 88.9 90)
    (descr "Resistor, Axial_DIN0207 series, Axial, Vertical, pin pitch=2.54mm, 0.25W = 1/4W, length*diameter=6.3*2.5mm^2, http://cdn-reichelt.de/documents/datenblatt/B400/1_4W%23YAG.pdf")
    (tags "Resistor Axial_DIN0207 series Axial Vertical pin pitch 2.54mm 0.25W = 1/4W length 6.3mm diameter 2.5mm")
    (path /6449362E/644A46A6)
    (fp_text reference R34 (at 3.81 0 180) (layer F.SilkS)
      (effects (font (size 1 1) (thickness 0.15)))
    )
    (fp_text value 100k (at 1.27 2.37 90) (layer F.Fab)
      (effects (font (size 1 1) (thickness 0.15)))
    )
    (fp_text user %R (at 1.27 -2.37 90) (layer F.Fab)
      (effects (font (size 1 1) (thickness 0.15)))
    )
    (fp_circle (center 0 0) (end 1.25 0) (layer F.Fab) (width 0.1))
    (fp_circle (center 0 0) (end 1.37 0) (layer F.SilkS) (width 0.12))
    (fp_line (start 0 0) (end 2.54 0) (layer F.Fab) (width 0.1))
    (fp_line (start 1.37 0) (end 1.44 0) (layer F.SilkS) (width 0.12))
    (fp_line (start -1.5 -1.5) (end -1.5 1.5) (layer F.CrtYd) (width 0.05))
    (fp_line (start -1.5 1.5) (end 3.59 1.5) (layer F.CrtYd) (width 0.05))
    (fp_line (start 3.59 1.5) (end 3.59 -1.5) (layer F.CrtYd) (width 0.05))
    (fp_line (start 3.59 -1.5) (end -1.5 -1.5) (layer F.CrtYd) (width 0.05))
    (pad 2 thru_hole oval (at 2.54 0 90) (size 1.6 1.6) (drill 0.8) (layers *.Cu *.Mask)
      (net 17 /module_interface/lin_fm))
    (pad 1 thru_hole circle (at 0 0 90) (size 1.6 1.6) (drill 0.8) (layers *.Cu *.Mask)
      (net 26 "Net-(R32-Pad2)"))
    (model ${KISYS3DMOD}/Resistor_THT.3dshapes/R_Axial_DIN0207_L6.3mm_D2.5mm_P2.54mm_Vertical.wrl
      (at (xyz 0 0 0))
      (scale (xyz 1 1 1))
      (rotate (xyz 0 0 0))
    )
  )

  (module Resistor_THT:R_Axial_DIN0207_L6.3mm_D2.5mm_P2.54mm_Vertical (layer F.Cu) (tedit 5AE5139B) (tstamp 64058212)
    (at 96.52 86.36 270)
    (descr "Resistor, Axial_DIN0207 series, Axial, Vertical, pin pitch=2.54mm, 0.25W = 1/4W, length*diameter=6.3*2.5mm^2, http://cdn-reichelt.de/documents/datenblatt/B400/1_4W%23YAG.pdf")
    (tags "Resistor Axial_DIN0207 series Axial Vertical pin pitch 2.54mm 0.25W = 1/4W length 6.3mm diameter 2.5mm")
    (path /6449362E/644C99FB)
    (fp_text reference R35 (at -1.27 2.54 90) (layer F.SilkS)
      (effects (font (size 1 1) (thickness 0.15)))
    )
    (fp_text value 100k (at 1.27 2.37 90) (layer F.Fab)
      (effects (font (size 1 1) (thickness 0.15)))
    )
